1       0 3 4 3 5 6 7 1 1 3 4 4 2 3 4 5 6 2 2 2 3 3 3 3 4 5 5 5 5 7 3 3 2 2 4 5 4 4 4 4 4 6 3 2 2 1 2 3 5 5 4 3 5 5 4 6 2 1 2 3 2 3 3 4 4 4 3 4 4 5 4 5 3 2 2 3 2 2 2 4 5 4 5 4 5 4 5 4 3 5 5 3 3 3 3 3 3 3 4 4 5 4 5 5 4 5 5 5 4 4 3 4 5 6 5 5 5 6 6 6 5 4 4 3 5 5 5 4 6 4 5 5 5 6 5 6 5 4 5 4 6 5 5 5 6 5 6 5 5 5 6 5 4 5 6 5 6 6 6 5 5 7 4 6 5 5 5 6 6 6 6 5 6 6 7 5 5 6 6 5 6 7 6 5 5 6 5 5 6 6 5 6 6 7 7 6 6 6 5 
2       3 0 3 4 7 8 9 4 2 1 2 4 4 5 6 7 8 5 3 1 2 3 4 5 6 7 7 7 7 9 5 3 2 2 4 5 5 6 6 6 6 8 6 4 4 3 3 3 6 6 6 5 7 7 6 8 5 4 5 5 4 4 3 4 4 5 5 6 6 7 6 7 5 4 5 5 5 4 4 4 5 5 6 6 7 6 7 6 5 7 7 5 5 5 6 6 5 5 5 4 5 6 7 7 6 7 7 7 6 6 5 5 5 6 7 7 7 8 8 8 8 7 7 6 6 7 7 6 8 7 7 7 7 8 7 8 8 7 7 6 8 7 7 7 8 7 8 8 8 8 8 7 6 7 8 7 8 8 8 7 7 9 6 9 8 7 7 8 8 8 8 7 8 8 9 7 7 8 8 7 8 9 8 7 7 8 7 7 8 8 7 8 8 9 9 8 8 8 7 
3       4 3 0 1 5 6 7 5 5 2 1 1 2 3 4 5 6 6 6 4 3 1 1 3 4 5 5 5 5 7 6 5 4 2 2 3 2 4 4 4 4 6 6 5 4 3 3 3 4 3 3 3 5 5 4 6 5 4 5 5 4 4 3 3 2 3 2 3 4 5 4 5 5 4 5 5 5 4 3 4 4 3 4 3 4 4 5 4 3 5 5 5 4 5 6 6 5 4 5 4 4 3 4 5 4 5 5 5 5 4 3 4 5 5 4 5 5 6 6 6 7 6 5 4 5 5 4 4 6 5 6 5 5 5 5 6 6 5 5 4 6 5 5 5 6 5 6 6 6 6 6 5 4 5 6 5 5 6 6 5 5 7 4 7 6 5 5 6 6 6 6 5 6 6 7 5 5 6 6 5 6 7 6 5 5 6 5 5 6 6 5 6 6 6 7 6 6 6 5 
4       3 4 1 0 4 5 6 4 4 3 2 2 1 2 3 4 5 5 5 4 4 2 2 2 3 4 4 4 4 6 5 4 3 3 3 4 3 3 3 3 3 5 5 4 3 2 3 4 4 4 3 2 4 4 3 5 4 3 4 4 3 4 4 4 3 3 2 3 3 4 3 4 4 3 4 4 4 3 3 5 4 3 4 3 4 3 4 3 2 4 4 4 4 4 5 5 4 4 5 4 4 3 4 4 3 4 4 4 5 4 3 4 5 5 4 4 4 5 5 6 7 6 5 4 5 4 4 3 5 5 6 4 4 5 4 5 6 5 4 3 5 4 4 5 6 5 6 6 6 6 6 5 4 4 5 4 5 5 5 4 4 6 4 7 6 5 5 6 5 5 5 4 5 5 6 5 5 6 6 5 6 7 6 5 4 5 4 4 6 6 5 6 6 6 7 6 6 5 4 
5       5 7 5 4 0 3 4 6 6 6 6 5 3 2 1 1 3 7 7 6 6 5 4 4 3 2 3 2 2 4 7 6 5 5 6 6 5 4 3 3 2 3 7 6 5 4 5 6 6 5 4 3 4 3 3 4 6 5 6 6 5 6 6 6 5 5 4 5 4 4 4 4 6 5 6 6 6 5 5 7 6 5 6 5 6 4 3 4 4 5 5 6 6 6 7 7 6 6 7 6 6 5 5 5 4 5 5 5 7 6 5 6 7 7 6 5 5 6 6 8 9 8 7 6 7 6 6 5 6 7 8 6 6 7 6 7 8 7 6 5 7 6 6 7 8 7 8 8 8 8 8 7 6 6 7 6 7 7 7 6 6 8 6 9 8 7 7 8 7 7 7 6 7 7 8 7 7 8 8 7 8 9 8 7 6 7 6 6 8 8 7 8 8 8 9 8 8 7 6 
6       6 8 6 5 3 0 1 7 7 7 7 6 4 3 2 2 2 8 8 7 7 6 5 5 4 3 4 3 1 3 8 7 6 6 6 7 6 5 4 3 2 2 8 7 6 5 6 7 6 6 4 3 4 3 2 3 7 6 7 7 6 6 6 6 5 5 4 5 4 4 3 3 7 6 7 7 7 6 5 7 6 5 6 5 6 4 3 4 3 4 4 7 6 7 8 8 7 6 7 6 6 5 5 5 4 5 4 5 7 6 5 6 7 6 6 5 5 6 5 8 9 8 7 6 7 5 6 4 6 6 7 5 5 6 5 6 8 7 5 4 6 5 5 7 8 7 8 8 8 8 7 6 5 5 6 5 6 6 6 5 5 7 6 9 7 6 6 7 6 6 6 5 6 6 7 7 7 8 8 6 7 8 7 6 5 6 5 5 8 7 7 8 7 7 8 7 7 6 5 
7       7 9 7 6 4 1 0 8 8 8 8 7 5 4 3 3 1 9 9 8 8 7 6 6 5 4 5 4 2 2 9 8 7 7 7 8 7 6 5 4 3 1 9 8 7 6 7 8 7 7 5 4 5 4 3 2 8 7 8 8 7 7 7 7 6 6 5 6 5 4 3 2 8 7 8 8 8 7 6 8 7 6 7 6 7 5 4 5 4 3 3 8 7 8 9 9 8 7 8 7 7 6 6 6 3 4 3 4 8 7 6 7 7 6 5 5 5 6 4 9 10 9 8 7 8 6 6 5 6 7 7 6 6 7 5 5 9 8 6 5 7 6 6 8 9 8 9 9 9 9 8 7 6 6 7 6 6 7 7 5 4 6 7 10 8 7 7 8 7 7 6 6 6 5 6 8 8 9 9 7 8 9 8 7 6 7 6 6 9 8 8 8 8 7 8 8 8 6 5 
8       1 4 5 4 6 7 8 0 2 4 5 5 3 4 5 6 7 1 1 3 4 4 4 4 5 6 6 6 6 8 2 2 3 3 5 6 5 5 5 5 5 7 2 3 3 2 3 4 6 6 5 4 6 6 5 7 3 2 3 4 3 4 4 5 5 5 4 5 5 6 5 6 4 3 3 4 3 3 3 5 6 5 6 5 6 5 6 5 4 6 6 4 4 4 4 4 4 4 5 5 6 5 6 6 5 6 6 6 5 5 4 5 6 7 6 6 6 7 7 7 6 5 5 4 6 6 6 5 7 5 6 6 6 7 6 7 6 5 6 5 7 6 6 6 7 6 7 6 6 6 7 6 5 6 7 6 7 7 7 6 6 8 5 7 6 6 6 7 7 7 7 6 7 7 8 6 6 7 7 6 7 8 7 6 6 7 6 6 7 7 6 7 7 8 8 7 7 7 6 
9       1 2 5 4 6 7 8 2 0 3 4 5 3 4 5 6 7 3 1 1 3 4 4 4 5 6 6 6 6 8 4 2 2 3 5 6 5 5 5 5 5 7 4 3 3 2 3 4 6 6 5 4 6 6 5 7 3 2 3 4 3 4 4 5 5 5 4 5 5 6 5 6 4 3 3 4 3 3 3 5 6 5 6 5 6 5 6 5 4 6 6 4 4 4 4 4 4 4 5 5 6 5 6 6 5 6 6 6 5 5 4 5 6 7 6 6 6 7 7 7 6 5 5 4 6 6 6 5 7 5 6 6 6 7 6 7 6 5 6 5 7 6 6 6 7 6 7 6 6 6 7 6 5 6 7 6 7 7 7 6 6 8 5 7 6 6 6 7 7 7 7 6 7 7 8 6 6 7 7 6 7 8 7 6 6 7 6 6 7 7 6 7 7 8 8 7 7 7 6 
10       3 1 2 3 6 7 8 4 3 0 1 3 3 4 5 6 7 5 4 2 1 2 3 4 5 6 6 6 6 8 5 3 2 1 3 4 4 5 5 5 5 7 5 4 3 2 2 2 5 5 5 4 6 6 5 7 4 3 4 4 3 3 2 3 3 4 4 5 5 6 5 6 4 3 4 4 4 3 3 3 4 4 5 5 6 5 6 5 4 6 6 4 4 4 5 5 4 4 4 3 4 5 6 6 5 6 6 6 5 5 4 4 4 5 6 6 6 7 7 7 7 6 6 5 5 6 6 5 7 6 6 6 6 7 6 7 7 6 6 5 7 6 6 6 7 6 7 7 7 7 7 6 5 6 7 6 7 7 7 6 6 8 5 8 7 6 6 7 7 7 7 6 7 7 8 6 6 7 7 6 7 8 7 6 6 7 6 6 7 7 6 7 7 8 8 7 7 7 6 
11       4 2 1 2 6 7 8 5 4 1 0 2 3 4 5 6 7 6 5 3 2 1 2 4 5 6 6 6 6 8 6 4 3 2 2 3 3 5 5 5 5 7 6 5 4 3 3 3 4 4 4 4 6 6 5 7 5 4 5 5 4 4 3 3 2 3 3 4 5 6 5 6 5 4 5 5 5 4 4 4 4 3 5 4 5 5 6 5 4 6 6 5 5 5 6 6 5 5 5 4 4 4 5 6 5 6 6 6 6 5 4 5 5 5 5 6 6 7 7 7 8 7 6 5 6 5 5 5 7 6 6 5 5 6 6 7 7 6 5 4 6 6 6 6 7 6 7 7 7 7 7 6 5 5 6 5 6 7 7 6 6 8 5 8 7 6 6 7 6 7 7 6 7 7 8 6 6 7 7 6 7 8 7 6 6 7 6 6 7 7 6 7 7 7 8 7 7 7 6 
12       4 4 1 2 5 6 7 5 5 3 2 0 2 3 4 5 6 6 6 5 4 2 1 3 4 5 5 5 5 7 6 5 4 3 3 3 2 4 4 4 4 6 6 5 4 3 4 4 4 3 3 3 5 5 4 6 5 4 5 5 4 4 4 4 3 3 2 3 4 5 4 5 5 4 5 5 5 4 3 5 4 3 4 3 4 4 5 4 3 5 5 5 4 5 6 6 5 4 5 4 4 3 4 5 4 5 5 5 5 4 3 4 5 5 4 5 5 6 6 6 7 6 5 4 5 5 4 4 6 5 6 5 5 5 5 6 6 5 5 4 6 5 5 5 6 5 6 6 6 6 6 5 4 5 6 5 5 6 6 5 5 7 4 7 6 5 5 6 6 6 6 5 6 6 7 5 5 6 6 5 6 7 6 5 5 6 5 5 6 6 5 6 6 6 7 6 6 6 5 
13       2 4 2 1 3 4 5 3 3 3 3 2 0 1 2 3 4 4 4 3 3 2 1 1 2 3 3 3 3 5 4 3 2 2 3 3 2 2 2 2 2 4 4 3 2 1 2 3 3 3 2 1 3 3 2 4 3 2 3 3 2 3 3 3 2 2 1 2 2 3 2 3 3 2 3 3 3 2 2 4 3 2 3 2 3 2 3 2 1 3 3 3 3 3 4 4 3 3 4 3 3 2 3 3 2 3 3 3 4 3 2 3 4 4 3 3 3 4 4 5 6 5 4 3 4 3 3 2 4 4 5 3 3 4 3 4 5 4 3 2 4 3 3 4 5 4 5 5 5 5 5 4 3 3 4 3 4 4 4 3 3 5 3 6 5 4 4 5 4 4 4 3 4 4 5 4 4 5 5 4 5 6 5 4 3 4 3 3 5 5 4 5 5 5 6 5 5 4 3 
14       3 5 3 2 2 3 4 4 4 4 4 3 1 0 1 2 3 5 5 4 4 3 2 2 1 2 3 2 2 4 5 4 3 3 4 4 3 2 2 3 2 3 5 4 3 2 3 4 4 3 3 2 4 3 3 4 4 3 4 4 3 4 4 4 3 3 2 3 3 4 3 4 4 3 4 4 4 3 3 5 4 3 4 3 4 3 3 3 2 4 4 4 4 4 5 5 4 4 5 4 4 3 4 4 3 4 4 4 5 4 3 4 5 5 4 4 4 5 5 6 7 6 5 4 5 4 4 3 5 5 6 4 4 5 4 5 6 5 4 3 5 4 4 5 6 5 6 6 6 6 6 5 4 4 5 4 5 5 5 4 4 6 4 7 6 5 5 6 5 5 5 4 5 5 6 5 5 6 6 5 6 7 6 5 4 5 4 4 6 6 5 6 6 6 7 6 6 5 4 
15       4 6 4 3 1 2 3 5 5 5 5 4 2 1 0 1 2 6 6 5 5 4 3 3 2 1 2 1 1 3 6 5 4 4 5 5 4 3 2 2 1 2 6 5 4 3 4 5 5 4 3 2 3 2 2 3 5 4 5 5 4 5 5 5 4 4 3 4 3 3 3 3 5 4 5 5 5 4 4 6 5 4 5 4 5 3 2 3 3 4 4 5 5 5 6 6 5 5 6 5 5 4 4 4 3 4 4 4 6 5 4 5 6 6 5 4 4 5 5 7 8 7 6 5 6 5 5 4 5 6 7 5 5 6 5 6 7 6 5 4 6 5 5 6 7 6 7 7 7 7 7 6 5 5 6 5 6 6 6 5 5 7 5 8 7 6 6 7 6 6 6 5 6 6 7 6 6 7 7 6 7 8 7 6 5 6 5 5 7 7 6 7 7 7 8 7 7 6 5 
16       5 7 5 4 1 2 3 6 6 6 6 5 3 2 1 0 2 7 7 6 6 5 4 4 3 2 2 1 1 3 7 6 5 5 6 6 5 4 3 3 2 2 7 6 5 4 5 6 6 5 4 3 4 3 2 3 6 5 6 6 5 6 6 6 5 5 4 5 4 4 3 3 6 5 6 6 6 5 5 7 6 5 6 5 6 4 3 4 3 4 4 6 6 6 7 7 6 6 7 6 6 5 5 5 4 5 4 5 7 6 5 6 7 6 6 5 5 6 5 8 9 8 7 6 7 5 6 4 6 6 7 5 5 6 5 6 8 7 5 4 6 5 5 7 8 7 8 8 8 8 7 6 5 5 6 5 6 6 6 5 5 7 6 9 7 6 6 7 6 6 6 5 6 6 7 7 7 8 8 6 7 8 7 6 5 6 5 5 8 7 7 8 7 7 8 7 7 6 5 
17       6 8 6 5 3 2 1 7 7 7 7 6 4 3 2 2 0 8 8 7 7 6 5 5 4 3 4 3 1 1 8 7 6 6 6 7 6 5 4 3 2 2 8 7 6 5 6 7 6 6 4 3 4 3 2 3 7 6 7 7 6 6 6 6 5 5 4 5 4 4 3 3 7 6 7 7 7 6 5 7 6 5 6 5 6 4 3 4 3 4 4 7 6 7 8 8 7 6 7 6 6 5 5 5 4 5 4 5 7 6 5 6 7 6 6 5 5 6 5 8 9 8 7 6 7 5 6 4 6 6 7 5 5 6 5 6 8 7 5 4 6 5 5 7 8 7 8 8 8 8 7 6 5 5 6 5 6 6 6 5 5 7 6 9 7 6 6 7 6 6 6 5 6 6 7 7 7 8 8 6 7 8 7 6 5 6 5 5 8 7 7 8 7 7 8 7 7 6 5 
18       2 5 6 5 7 8 9 1 3 5 6 6 4 5 6 7 8 0 2 4 5 5 5 5 6 7 7 7 7 9 1 3 4 4 6 7 6 6 6 6 6 8 1 2 4 3 4 5 7 7 6 5 7 7 6 8 2 3 4 5 4 5 5 6 6 6 5 6 6 7 6 7 3 4 4 5 4 4 4 6 7 6 7 6 7 6 7 6 5 7 7 4 5 5 5 5 5 5 6 6 7 6 7 7 6 7 7 7 6 6 5 6 7 8 7 7 7 8 8 8 7 6 6 5 7 7 7 6 8 6 7 7 7 8 7 8 7 6 7 6 8 7 7 7 8 7 8 7 7 7 8 7 6 7 8 7 8 8 8 7 7 9 6 8 7 7 7 8 8 8 8 7 8 8 9 7 7 8 8 7 8 9 8 7 7 8 7 7 8 8 7 8 8 9 9 8 8 8 7 
19       2 3 6 5 7 8 9 1 1 4 5 6 4 5 6 7 8 2 0 2 3 5 5 5 6 7 7 7 7 9 3 1 2 4 6 7 6 6 6 6 6 8 3 2 2 3 4 5 7 7 6 5 7 7 6 8 4 3 3 3 4 5 5 6 6 6 5 6 6 7 6 7 5 4 4 4 4 4 4 6 7 6 7 6 7 6 7 6 5 7 7 5 5 5 5 5 5 5 6 6 7 6 7 7 6 7 7 7 6 6 5 6 7 8 7 7 7 8 8 8 7 6 6 5 7 7 7 6 8 6 7 7 7 8 7 8 7 6 7 6 8 7 7 7 8 7 8 7 7 7 8 7 6 7 8 7 8 8 8 7 7 9 6 8 7 7 7 8 8 8 8 7 8 8 9 7 7 8 8 7 8 9 8 7 7 8 7 7 8 8 7 8 8 9 9 8 8 8 7 
20       2 1 4 4 6 7 8 3 1 2 3 5 3 4 5 6 7 4 2 0 2 4 4 4 5 6 6 6 6 8 4 2 1 3 5 6 5 5 5 5 5 7 5 3 3 2 3 4 6 6 5 4 6 6 5 7 4 3 4 4 3 4 4 5 5 5 4 5 5 6 5 6 4 3 4 4 4 3 3 5 6 5 6 5 6 5 6 5 4 6 6 4 4 4 5 5 4 4 5 5 6 5 6 6 5 6 6 6 5 5 4 5 6 7 6 6 6 7 7 7 7 6 6 5 6 6 6 5 7 6 7 6 6 7 6 7 7 6 6 5 7 6 6 6 7 6 7 7 7 7 7 6 5 6 7 6 7 7 7 6 6 8 5 8 7 6 6 7 7 7 7 6 7 7 8 6 6 7 7 6 7 8 7 6 6 7 6 6 7 7 6 7 7 8 8 7 7 7 6 
21       3 2 3 4 6 7 8 4 3 1 2 4 3 4 5 6 7 5 3 2 0 3 4 4 5 6 6 6 6 8 4 2 1 2 4 5 5 5 5 5 5 7 5 3 3 2 3 3 6 6 5 4 6 6 5 7 4 3 4 4 3 4 3 4 4 5 4 5 5 6 5 6 4 3 4 4 4 3 3 4 5 5 6 5 6 5 6 5 4 6 6 4 4 4 5 5 4 4 5 4 5 5 6 6 5 6 6 6 5 5 4 5 5 6 6 6 6 7 7 7 7 6 6 5 6 6 6 5 7 6 7 6 6 7 6 7 7 6 6 5 7 6 6 6 7 6 7 7 7 7 7 6 5 6 7 6 7 7 7 6 6 8 5 8 7 6 6 7 7 7 7 6 7 7 8 6 6 7 7 6 7 8 7 6 6 7 6 6 7 7 6 7 7 8 8 7 7 7 6 
22       3 3 1 2 5 6 7 4 4 2 1 2 2 3 4 5 6 5 5 4 3 0 1 3 4 5 5 5 5 7 5 4 3 1 1 2 2 4 4 4 4 6 5 4 3 2 2 2 3 3 3 3 5 5 4 6 4 3 4 4 3 3 2 2 1 2 2 3 4 5 4 5 4 3 4 4 4 3 3 3 3 2 4 3 4 4 5 4 3 5 5 4 4 4 5 5 4 4 4 3 3 3 4 5 4 5 5 5 5 4 3 4 4 4 4 5 5 6 6 6 7 6 5 4 5 4 4 4 6 5 5 4 4 5 5 6 6 5 4 3 5 5 5 5 6 5 6 6 6 6 6 5 4 4 5 4 5 6 6 5 5 7 4 7 6 5 5 6 5 6 6 5 6 6 7 5 5 6 6 5 6 7 6 5 5 6 5 5 6 6 5 6 6 6 7 6 6 6 5 
23       3 4 1 2 4 5 6 4 4 3 2 1 1 2 3 4 5 5 5 4 4 1 0 2 3 4 4 4 4 6 5 4 3 2 2 2 1 3 3 3 3 5 5 4 3 2 3 3 3 2 2 2 4 4 3 5 4 3 4 4 3 3 3 3 2 2 1 2 3 4 3 4 4 3 4 4 4 3 2 4 3 2 3 2 3 3 4 3 2 4 4 4 3 4 5 5 4 3 4 3 3 2 3 4 3 4 4 4 4 3 2 3 4 4 3 4 4 5 5 5 6 5 4 3 4 4 3 3 5 4 5 4 4 4 4 5 5 4 4 3 5 4 4 4 5 4 5 5 5 5 5 4 3 4 5 4 4 5 5 4 4 6 3 6 5 4 4 5 5 5 5 4 5 5 6 4 4 5 5 4 5 6 5 4 4 5 4 4 5 5 4 5 5 5 6 5 5 5 4 
24       3 5 3 2 4 5 6 4 4 4 4 3 1 2 3 4 5 5 5 4 4 3 2 0 2 4 4 4 4 6 5 4 3 3 3 2 1 1 3 3 3 5 5 4 3 2 3 4 3 2 2 2 4 4 3 5 4 3 4 4 3 4 4 4 3 3 2 3 3 4 3 4 4 3 4 4 4 3 3 5 4 3 4 3 4 3 4 3 2 4 4 4 4 4 5 5 4 4 5 4 4 3 4 4 3 4 4 4 5 4 3 4 5 5 4 4 4 5 5 6 7 6 5 4 5 4 4 3 5 5 6 4 4 5 4 5 6 5 4 3 5 4 4 5 6 5 6 6 6 6 6 5 4 4 5 4 5 5 5 4 4 6 4 7 6 5 5 6 5 5 5 4 5 5 6 5 5 6 6 5 6 7 6 5 4 5 4 4 6 6 5 6 6 6 7 6 6 5 4 
25       4 6 4 3 3 4 5 5 5 5 5 4 2 1 2 3 4 6 6 5 5 4 3 2 0 2 3 3 3 5 6 5 4 4 5 4 3 1 1 3 3 4 6 5 4 3 4 5 3 2 2 2 4 4 4 5 5 4 5 5 4 5 5 5 4 4 3 3 3 5 4 5 5 4 5 5 5 4 4 6 5 4 5 4 4 3 4 4 3 5 5 5 5 5 6 6 5 5 6 5 5 4 4 4 4 5 5 5 6 5 4 5 6 6 5 4 5 5 6 7 8 7 6 5 6 5 5 4 6 6 7 5 5 6 5 6 7 6 5 4 6 5 5 6 7 6 7 7 7 7 7 6 5 5 6 5 6 6 6 5 5 7 5 8 7 6 6 7 6 6 6 5 6 6 7 6 6 7 7 6 7 8 7 6 5 6 5 5 7 7 6 7 7 7 8 7 7 6 5 
26       5 7 5 4 2 3 4 6 6 6 6 5 3 2 1 2 3 7 7 6 6 5 4 4 2 0 1 2 2 4 7 6 5 5 5 6 5 3 1 2 2 3 7 6 5 4 5 6 5 4 2 2 3 3 3 4 6 5 6 6 5 5 5 5 4 4 3 3 3 4 4 4 6 5 6 6 6 5 4 6 5 4 5 4 4 3 3 4 4 5 5 6 5 6 7 7 6 5 6 5 5 4 4 4 4 5 5 5 6 5 4 5 6 6 5 4 5 5 6 7 8 7 6 5 6 6 5 5 6 6 7 6 6 6 6 7 7 6 6 5 6 5 6 6 7 6 7 7 7 7 7 6 5 6 7 6 6 6 7 6 6 8 5 8 7 6 6 7 7 7 7 6 7 7 8 6 6 7 7 6 7 8 7 6 6 7 6 6 7 7 6 7 7 7 8 7 7 7 6 
27       5 7 5 4 3 4 5 6 6 6 6 5 3 3 2 2 4 7 7 6 6 5 4 4 3 1 0 1 3 5 7 6 5 5 5 6 5 4 2 1 2 4 7 6 5 4 5 6 5 5 3 2 2 3 4 5 6 5 6 6 5 5 5 5 4 4 3 4 3 4 5 5 6 5 6 6 6 5 4 6 5 4 5 4 5 3 3 4 4 5 5 6 5 6 7 7 6 5 6 5 5 4 4 4 4 5 5 5 6 5 4 5 6 6 5 4 5 5 6 7 8 7 6 5 6 6 5 5 6 6 7 6 6 6 6 7 7 6 6 5 6 5 6 6 7 6 7 7 7 7 7 6 5 6 7 6 6 6 7 6 6 8 5 8 7 6 6 7 7 7 7 6 7 7 8 6 6 7 7 6 7 8 7 6 6 7 6 6 7 7 6 7 7 7 8 7 7 7 6 
28       5 7 5 4 2 3 4 6 6 6 6 5 3 2 1 1 3 7 7 6 6 5 4 4 3 2 1 0 2 4 7 6 5 5 5 6 5 4 3 2 1 3 7 6 5 4 5 6 5 5 3 2 3 2 3 4 6 5 6 6 5 5 5 5 4 4 3 4 3 3 4 4 6 5 6 6 6 5 4 6 5 4 5 4 5 3 2 3 4 4 4 6 5 6 7 7 6 5 6 5 5 4 4 4 3 4 4 4 6 5 4 5 6 6 5 4 4 5 5 7 8 7 6 5 6 6 5 5 5 6 7 6 6 6 5 6 7 6 6 5 6 5 6 6 7 6 7 7 7 7 7 6 5 6 7 6 6 6 7 6 5 7 5 8 7 6 6 7 7 7 7 6 7 6 7 6 6 7 7 6 7 8 7 6 6 7 6 6 7 7 6 7 7 7 8 7 7 7 6 
29       5 7 5 4 2 1 2 6 6 6 6 5 3 2 1 1 1 7 7 6 6 5 4 4 3 2 3 2 0 2 7 6 5 5 5 6 5 4 3 2 1 1 7 6 5 4 5 6 5 5 3 2 3 2 1 2 6 5 6 6 5 5 5 5 4 4 3 4 3 3 2 2 6 5 6 6 6 5 4 6 5 4 5 4 5 3 2 3 2 3 3 6 5 6 7 7 6 5 6 5 5 4 4 4 3 4 3 4 6 5 4 5 6 5 5 4 4 5 4 7 8 7 6 5 6 4 5 3 5 5 6 4 4 5 4 5 7 6 4 3 5 4 4 6 7 6 7 7 7 7 6 5 4 4 5 4 5 5 5 4 4 6 5 8 6 5 5 6 5 5 5 4 5 5 6 6 6 7 7 5 6 7 6 5 4 5 4 4 7 6 6 7 6 6 7 6 6 5 4 
30       7 9 7 6 4 3 2 8 8 8 8 7 5 4 3 3 1 9 9 8 8 7 6 6 5 4 5 4 2 0 9 8 7 7 7 8 7 6 5 4 3 1 9 8 7 6 7 8 7 7 5 4 5 4 3 2 8 7 8 8 7 7 7 7 6 6 5 6 5 4 3 2 8 7 8 8 8 7 6 8 7 6 7 6 7 5 4 5 4 3 3 8 7 8 9 9 8 7 8 7 7 6 6 6 3 4 3 4 8 7 6 7 7 6 5 5 5 6 4 9 10 9 8 7 8 6 6 5 6 7 7 6 6 7 5 5 9 8 6 5 7 6 6 8 9 8 9 9 9 9 8 7 6 6 7 6 6 7 7 5 4 6 7 10 8 7 7 8 7 7 6 6 6 5 6 8 8 9 9 7 8 9 8 7 6 7 6 6 9 8 8 8 8 7 8 8 8 6 5 
31       3 5 6 5 7 8 9 2 4 5 6 6 4 5 6 7 8 1 3 4 4 5 5 5 6 7 7 7 7 9 0 2 3 4 6 7 6 6 6 6 6 8 1 1 3 3 4 5 7 7 6 5 7 7 6 8 2 2 3 4 4 5 5 6 6 6 5 6 6 7 6 7 3 3 3 4 3 4 4 6 7 6 7 6 7 6 7 6 5 7 7 4 5 4 4 4 5 5 6 6 7 6 7 7 6 7 7 7 5 6 5 6 7 7 7 7 7 8 8 7 6 5 5 4 7 7 7 6 8 5 6 7 7 8 7 8 6 5 6 6 8 7 7 6 7 6 7 6 6 6 7 6 5 6 7 7 7 8 8 7 7 9 6 7 6 6 6 7 7 7 8 7 8 8 9 7 7 8 7 6 7 8 7 6 6 7 7 7 8 7 7 8 7 8 8 7 7 8 7 
32       3 3 5 4 6 7 8 2 2 3 4 5 3 4 5 6 7 3 1 2 2 4 4 4 5 6 6 6 6 8 2 0 1 3 5 6 5 5 5 5 5 7 3 1 1 2 3 4 6 6 5 4 6 6 5 7 3 2 2 2 3 4 4 5 5 5 4 5 5 6 5 6 4 3 3 3 3 3 3 5 6 5 6 5 6 5 6 5 4 6 6 4 4 4 4 4 4 4 5 5 6 5 6 6 5 6 6 6 5 5 4 5 6 7 6 6 6 7 7 7 6 5 5 4 6 6 6 5 7 5 6 6 6 7 6 7 6 5 6 5 7 6 6 6 7 6 7 6 6 6 7 6 5 6 7 6 7 7 7 6 6 8 5 7 6 6 6 7 7 7 7 6 7 7 8 6 6 7 7 6 7 8 7 6 6 7 6 6 7 7 6 7 7 8 8 7 7 7 6 
33       2 2 4 3 5 6 7 3 2 2 3 4 2 3 4 5 6 4 2 1 1 3 3 3 4 5 5 5 5 7 3 1 0 2 4 5 4 4 4 4 4 6 4 2 2 1 2 3 5 5 4 3 5 5 4 6 3 2 3 3 2 3 3 4 4 4 3 4 4 5 4 5 3 2 3 3 3 2 2 4 5 4 5 4 5 4 5 4 3 5 5 3 3 3 4 4 3 3 4 4 5 4 5 5 4 5 5 5 4 4 3 4 5 6 5 5 5 6 6 6 6 5 5 4 5 5 5 4 6 5 6 5 5 6 5 6 6 5 5 4 6 5 5 5 6 5 6 6 6 6 6 5 4 5 6 5 6 6 6 5 5 7 4 7 6 5 5 6 6 6 6 5 6 6 7 5 5 6 6 5 6 7 6 5 5 6 5 5 6 6 5 6 6 7 7 6 6 6 5 
34       2 2 2 3 5 6 7 3 3 1 2 3 2 3 4 5 6 4 4 3 2 1 2 3 4 5 5 5 5 7 4 3 2 0 2 3 3 4 4 4 4 6 4 3 2 1 1 1 4 4 4 3 5 5 4 6 3 2 3 3 2 2 1 2 2 3 3 4 4 5 4 5 3 2 3 3 3 2 2 2 3 3 4 4 5 4 5 4 3 5 5 3 3 3 4 4 3 3 3 2 3 4 5 5 4 5 5 5 4 4 3 3 3 4 5 5 5 6 6 6 6 5 5 4 4 5 5 4 6 5 5 5 5 6 5 6 6 5 5 4 6 5 5 5 6 5 6 6 6 6 6 5 4 5 6 5 6 6 6 5 5 7 4 7 6 5 5 6 6 6 6 5 6 6 7 5 5 6 6 5 6 7 6 5 5 6 5 5 6 6 5 6 6 7 7 6 6 6 5 
35       4 4 2 3 6 6 7 5 5 3 2 3 3 4 5 6 6 6 6 5 4 1 2 3 5 5 5 5 5 7 6 5 4 2 0 1 2 4 4 4 4 6 6 5 4 3 3 1 2 3 3 3 5 5 4 6 5 4 5 4 3 2 2 2 1 2 2 3 4 5 4 5 5 4 5 4 5 4 3 3 3 2 4 3 4 4 5 4 3 5 5 5 4 5 6 6 5 4 4 3 3 3 4 5 4 5 5 5 5 4 3 4 4 4 4 5 5 6 6 6 7 6 5 4 5 4 4 4 6 5 5 4 4 5 5 6 6 5 4 3 5 5 5 5 6 5 6 6 6 6 6 5 4 4 5 4 5 6 6 5 5 7 4 7 6 5 5 6 5 6 6 5 6 6 7 5 5 6 6 5 6 7 6 5 5 6 5 5 6 6 5 6 6 6 7 6 6 6 5 
36       5 5 3 4 6 7 8 6 6 4 3 3 3 4 5 6 7 7 7 6 5 2 2 2 4 6 6 6 6 8 7 6 5 3 1 0 1 3 5 5 5 7 7 6 5 4 4 2 1 2 4 4 6 6 5 7 6 5 6 5 4 3 3 3 2 2 3 4 5 6 5 6 6 5 6 5 6 5 4 4 4 3 5 4 5 5 6 5 4 6 6 6 5 6 7 7 6 5 5 4 4 4 5 6 5 6 6 6 6 5 4 5 5 5 5 6 6 7 7 7 8 7 6 5 6 5 5 5 7 6 6 5 5 6 6 7 7 6 5 4 6 6 6 6 7 6 7 7 7 7 7 6 5 5 6 5 6 7 7 6 6 8 5 8 7 6 6 7 6 7 7 6 7 7 8 6 6 7 7 6 7 8 7 6 6 7 6 6 7 7 6 7 7 7 8 7 7 7 6 
37       4 5 2 3 5 6 7 5 5 4 3 2 2 3 4 5 6 6 6 5 5 2 1 1 3 5 5 5 5 7 6 5 4 3 2 1 0 2 4 4 4 6 6 5 4 3 4 3 2 1 3 3 5 5 4 6 5 4 5 5 4 4 4 4 3 3 2 3 4 5 4 5 5 4 5 5 5 4 3 5 4 3 4 3 4 4 5 4 3 5 5 5 4 5 6 6 5 4 5 4 4 3 4 5 4 5 5 5 5 4 3 4 5 5 4 5 5 6 6 6 7 6 5 4 5 5 4 4 6 5 6 5 5 5 5 6 6 5 5 4 6 5 5 5 6 5 6 6 6 6 6 5 4 5 6 5 5 6 6 5 5 7 4 7 6 5 5 6 6 6 6 5 6 6 7 5 5 6 6 5 6 7 6 5 5 6 5 5 6 6 5 6 6 6 7 6 6 6 5 
38       4 6 4 3 4 5 6 5 5 5 5 4 2 2 3 4 5 6 6 5 5 4 3 1 1 3 4 4 4 6 6 5 4 4 4 3 2 0 2 3 3 5 6 5 4 3 4 5 2 1 1 2 4 4 4 6 5 4 5 5 4 4 4 4 3 3 2 2 3 5 4 5 5 4 5 5 5 4 3 5 4 3 4 3 3 3 4 4 3 5 5 5 4 5 6 6 5 4 5 4 4 3 4 4 4 5 5 5 5 4 3 4 5 5 4 4 5 5 6 6 7 6 5 4 5 5 4 4 6 5 6 5 5 5 5 6 6 5 5 4 6 5 5 5 6 5 6 6 6 6 6 5 4 5 6 5 5 6 6 5 5 7 4 7 6 5 5 6 6 6 6 5 6 6 7 5 5 6 6 5 6 7 6 5 5 6 5 5 6 6 5 6 6 6 7 6 6 6 5 
39       4 6 4 3 3 4 5 5 5 5 5 4 2 2 2 3 4 6 6 5 5 4 3 3 1 1 2 3 3 5 6 5 4 4 4 5 4 2 0 2 2 4 6 5 4 3 4 5 4 3 1 1 3 3 4 5 5 4 5 5 4 4 4 4 3 3 2 2 2 4 4 5 5 4 5 5 5 4 3 5 4 3 4 3 3 2 3 4 3 5 5 5 4 5 6 6 5 4 5 4 4 3 3 3 4 5 5 4 5 4 3 4 5 5 4 3 4 4 5 6 7 6 5 4 5 5 4 4 5 5 6 5 5 5 5 6 6 5 5 4 5 4 5 5 6 5 6 6 6 6 6 5 4 5 6 5 5 5 6 5 5 7 4 7 6 5 5 6 6 6 6 5 6 6 7 5 5 6 6 5 6 7 6 5 5 6 5 5 6 6 5 6 6 6 7 6 6 6 5 
40       4 6 4 3 3 3 4 5 5 5 5 4 2 3 2 3 3 6 6 5 5 4 3 3 3 2 1 2 2 4 6 5 4 4 4 5 4 3 2 0 1 3 6 5 4 3 4 5 4 4 2 1 1 2 3 4 5 4 5 5 4 4 4 4 3 3 2 3 2 3 4 4 5 4 5 5 5 4 3 5 4 3 4 3 4 2 2 3 3 4 4 5 4 5 6 6 5 4 5 4 4 3 3 3 3 4 4 4 5 4 3 4 5 5 4 3 4 4 5 6 7 6 5 4 5 5 4 4 5 5 6 5 5 5 5 6 6 5 5 4 5 4 5 5 6 5 6 6 6 6 6 5 4 5 6 5 5 5 6 5 5 7 4 7 6 5 5 6 6 6 6 5 6 6 7 5 5 6 6 5 6 7 6 5 5 6 5 5 6 6 5 6 6 6 7 6 6 6 5 
41       4 6 4 3 2 2 3 5 5 5 5 4 2 2 1 2 2 6 6 5 5 4 3 3 3 2 2 1 1 3 6 5 4 4 4 5 4 3 2 1 0 2 6 5 4 3 4 5 4 4 2 1 2 1 2 3 5 4 5 5 4 4 4 4 3 3 2 3 2 2 3 3 5 4 5 5 5 4 3 5 4 3 4 3 4 2 1 2 3 3 3 5 4 5 6 6 5 4 5 4 4 3 3 3 2 3 3 3 5 4 3 4 5 5 4 3 3 4 4 6 7 6 5 4 5 5 4 4 4 5 6 5 5 5 4 5 6 5 5 4 5 4 5 5 6 5 6 6 6 6 6 5 4 5 6 5 5 5 6 5 4 6 4 7 6 5 5 6 6 6 6 5 6 5 6 5 5 6 6 5 6 7 6 5 5 6 5 5 6 6 5 6 6 6 7 6 6 6 5 
42       6 8 6 5 3 2 1 7 7 7 7 6 4 3 2 2 2 8 8 7 7 6 5 5 4 3 4 3 1 1 8 7 6 6 6 7 6 5 4 3 2 0 8 7 6 5 6 7 6 6 4 3 4 3 2 1 7 6 7 7 6 6 6 6 5 5 4 5 4 3 2 1 7 6 7 7 7 6 5 7 6 5 6 5 6 4 3 4 3 2 2 7 6 7 8 8 7 6 7 6 6 5 5 5 2 3 2 3 7 6 5 6 6 5 4 4 4 5 3 8 9 8 7 6 7 5 5 4 5 6 6 5 5 6 4 4 8 7 5 4 6 5 5 7 8 7 8 8 8 8 7 6 5 5 6 5 5 6 6 4 3 5 6 9 7 6 6 7 6 6 5 5 5 4 5 7 7 8 8 6 7 8 7 6 5 6 5 5 8 7 7 7 7 6 7 7 7 5 4 
43       3 6 6 5 7 8 9 2 4 5 6 6 4 5 6 7 8 1 3 5 5 5 5 5 6 7 7 7 7 9 1 3 4 4 6 7 6 6 6 6 6 8 0 2 3 3 4 5 7 7 6 5 7 7 6 8 1 2 3 4 4 5 5 6 6 6 5 6 6 7 6 7 2 3 3 4 3 4 4 6 7 6 7 6 7 6 7 6 5 7 7 3 4 4 4 4 5 5 6 6 7 6 7 7 6 7 7 7 5 6 5 6 7 7 7 7 7 8 8 7 6 5 5 4 7 7 7 6 8 5 6 7 7 8 7 8 6 5 6 6 8 7 7 6 7 6 7 6 6 6 7 6 5 6 7 7 7 8 8 7 7 9 6 7 6 6 6 7 7 7 8 7 8 8 9 7 7 8 7 6 7 8 7 6 6 7 7 7 8 7 7 8 7 8 8 7 7 8 7 
44       2 4 5 4 6 7 8 3 3 4 5 5 3 4 5 6 7 2 2 3 3 4 4 4 5 6 6 6 6 8 1 1 2 3 5 6 5 5 5 5 5 7 2 0 2 2 3 4 6 6 5 4 6 6 5 7 2 1 2 3 3 4 4 5 5 5 4 5 5 6 5 6 3 2 2 3 2 3 3 5 6 5 6 5 6 5 6 5 4 6 6 3 4 3 3 3 4 4 5 5 6 5 6 6 5 6 6 6 4 5 4 5 6 6 6 6 6 7 7 6 5 4 4 3 6 6 6 5 7 4 5 6 6 7 6 7 5 4 5 5 7 6 6 5 6 5 6 5 5 5 6 5 4 5 6 6 6 7 7 6 6 8 5 6 5 5 5 6 6 6 7 6 7 7 8 6 6 7 6 5 6 7 6 5 5 6 6 6 7 6 6 7 6 7 7 6 6 7 6 
45       2 4 4 3 5 6 7 3 3 3 4 4 2 3 4 5 6 4 2 3 3 3 3 3 4 5 5 5 5 7 3 1 2 2 4 5 4 4 4 4 4 6 3 2 0 1 2 3 5 5 4 3 5 5 4 6 2 1 1 1 2 3 3 4 4 4 3 4 4 5 4 5 3 2 2 2 2 2 2 4 5 4 5 4 5 4 5 4 3 5 5 3 3 3 3 3 3 3 4 4 5 4 5 5 4 5 5 5 4 4 3 4 5 6 5 5 5 6 6 6 5 4 4 3 5 5 5 4 6 4 5 5 5 6 5 6 5 4 5 4 6 5 5 5 6 5 6 5 5 5 6 5 4 5 6 5 6 6 6 5 5 7 4 6 5 5 5 6 6 6 6 5 6 6 7 5 5 6 6 5 6 7 6 5 5 6 5 5 6 6 5 6 6 7 7 6 6 6 5 
46       1 3 3 2 4 5 6 2 2 2 3 3 1 2 3 4 5 3 3 2 2 2 2 2 3 4 4 4 4 6 3 2 1 1 3 4 3 3 3 3 3 5 3 2 1 0 1 2 4 4 3 2 4 4 3 5 2 1 2 2 1 2 2 3 3 3 2 3 3 4 3 4 2 1 2 2 2 1 1 3 4 3 4 3 4 3 4 3 2 4 4 2 2 2 3 3 2 2 3 3 4 3 4 4 3 4 4 4 3 3 2 3 4 5 4 4 4 5 5 5 5 4 4 3 4 4 4 3 5 4 5 4 4 5 4 5 5 4 4 3 5 4 4 4 5 4 5 5 5 5 5 4 3 4 5 4 5 5 5 4 4 6 3 6 5 4 4 5 5 5 5 4 5 5 6 4 4 5 5 4 5 6 5 4 4 5 4 4 5 5 4 5 5 6 6 5 5 5 4 
47       2 3 3 3 5 6 7 3 3 2 3 4 2 3 4 5 6 4 4 3 3 2 3 3 4 5 5 5 5 7 4 3 2 1 3 4 4 4 4 4 4 6 4 3 2 1 0 2 5 5 4 3 5 5 4 6 3 2 3 3 2 1 2 3 3 4 3 4 4 5 4 5 3 2 3 3 3 2 2 3 4 4 5 4 5 4 5 4 3 5 5 3 3 3 4 4 3 3 4 3 4 4 5 5 4 5 5 5 4 4 3 4 4 5 5 5 5 6 6 6 6 5 5 4 5 5 5 4 6 5 6 5 5 6 5 6 6 5 5 4 6 5 5 5 6 5 6 6 6 6 6 5 4 5 6 5 6 6 6 5 5 7 4 7 6 5 5 6 6 6 6 5 6 6 7 5 5 6 6 5 6 7 6 5 5 6 5 5 6 6 5 6 6 7 7 6 6 6 5 
48       3 3 3 4 6 7 8 4 4 2 3 4 3 4 5 6 7 5 5 4 3 2 3 4 5 6 6 6 6 8 5 4 3 1 1 2 3 5 5 5 5 7 5 4 3 2 2 0 3 4 4 4 6 6 5 7 4 3 4 3 2 1 1 2 2 3 3 4 5 6 5 6 4 3 4 3 4 3 2 2 3 3 4 4 5 5 6 5 4 6 6 4 3 4 5 5 4 3 3 2 3 4 5 6 5 6 6 6 5 4 3 3 3 4 5 6 6 7 7 6 7 6 5 4 4 5 5 5 7 5 5 5 5 6 6 7 6 5 5 4 6 6 6 5 6 5 6 6 6 6 6 5 4 5 6 5 6 7 7 6 6 8 4 7 6 5 5 6 6 6 7 6 7 7 8 5 5 6 6 5 6 7 6 5 5 6 6 6 6 6 5 6 6 7 7 6 6 7 6 
49       5 6 4 4 6 6 7 6 6 5 4 4 3 4 5 6 6 7 7 6 6 3 3 3 3 5 5 5 5 7 7 6 5 4 2 1 2 2 4 4 4 6 7 6 5 4 5 3 0 1 3 3 5 5 4 6 6 5 6 6 5 4 3 3 2 1 2 3 4 5 4 5 6 5 6 6 5 4 3 4 3 2 4 3 4 4 5 4 3 5 5 5 4 5 6 6 5 4 5 3 3 3 4 5 4 5 5 5 5 4 3 4 4 4 4 5 5 6 6 6 7 6 5 4 5 4 4 4 6 5 5 4 4 5 5 6 6 5 4 3 5 5 5 5 6 5 6 6 6 6 6 5 4 4 5 4 5 6 6 5 5 7 4 7 6 5 5 6 5 6 6 5 6 6 7 5 5 6 6 5 6 7 6 5 5 6 5 5 6 6 5 6 6 6 7 6 6 6 5 
50       5 6 3 4 5 6 7 6 6 5 4 3 3 3 4 5 6 7 7 6 6 3 2 2 2 4 5 5 5 7 7 6 5 4 3 2 1 1 3 4 4 6 7 6 5 4 5 4 1 0 2 3 5 5 5 7 6 5 6 6 5 5 4 4 3 2 3 3 4 6 5 6 6 5 6 6 6 5 4 5 4 3 5 4 4 4 5 5 4 6 6 6 5 6 7 7 6 5 6 4 4 4 5 5 5 6 6 6 6 5 4 5 5 5 5 5 6 6 7 7 8 7 6 5 6 5 5 5 7 6 6 5 5 6 6 7 7 6 5 4 6 6 6 6 7 6 7 7 7 7 7 6 5 5 6 5 6 7 7 6 6 8 5 8 7 6 6 7 6 7 7 6 7 7 8 6 6 7 7 6 7 8 7 6 6 7 6 6 7 7 6 7 7 7 8 7 7 7 6 
51       4 6 3 3 4 4 5 5 5 5 4 3 2 3 3 4 4 6 6 5 5 3 2 2 2 2 3 3 3 5 6 5 4 4 3 4 3 1 1 2 2 4 6 5 4 3 4 4 3 2 0 1 3 3 3 5 5 4 5 5 4 3 3 3 2 2 1 1 2 4 3 4 5 4 5 5 4 3 2 4 3 2 3 2 2 2 3 3 2 4 4 4 3 4 5 5 4 3 4 3 3 2 3 3 3 4 4 4 4 3 2 3 4 4 3 3 4 4 5 5 6 5 4 3 4 4 3 3 5 4 5 4 4 4 4 5 5 4 4 3 5 4 4 4 5 4 5 5 5 5 5 4 3 4 5 4 4 5 5 4 4 6 3 6 5 4 4 5 5 5 5 4 5 5 6 4 4 5 5 4 5 6 5 4 4 5 4 4 5 5 4 5 5 5 6 5 5 5 4 
52       3 5 3 2 3 3 4 4 4 4 4 3 1 2 2 3 3 5 5 4 4 3 2 2 2 2 2 2 2 4 5 4 3 3 3 4 3 2 1 1 1 3 5 4 3 2 3 4 3 3 1 0 2 2 3 4 4 3 4 4 3 3 3 3 2 2 1 2 1 3 3 4 4 3 4 4 4 3 2 4 3 2 3 2 3 1 2 3 2 4 4 4 3 4 5 5 4 3 4 3 3 2 2 2 3 4 4 3 4 3 2 3 4 4 3 2 3 3 4 5 6 5 4 3 4 4 3 3 4 4 5 4 4 4 4 5 5 4 4 3 4 3 4 4 5 4 5 5 5 5 5 4 3 4 5 4 4 4 5 4 4 6 3 6 5 4 4 5 5 5 5 4 5 5 6 4 4 5 5 4 5 6 5 4 4 5 4 4 5 5 4 5 5 5 6 5 5 5 4 
53       5 7 5 4 4 4 5 6 6 6 6 5 3 4 3 4 4 7 7 6 6 5 4 4 4 3 2 3 3 5 7 6 5 5 5 6 5 4 3 1 2 4 7 6 5 4 5 6 5 5 3 2 0 1 2 5 6 5 6 6 5 5 5 5 4 4 3 2 1 2 3 4 6 5 6 6 6 5 4 6 5 4 4 4 3 2 3 4 3 5 5 6 5 6 7 7 6 5 6 5 5 3 3 3 4 5 5 4 6 5 4 5 6 5 4 3 4 4 5 7 8 7 6 5 6 5 4 4 5 6 6 5 5 5 5 6 7 6 5 4 5 4 5 6 7 6 7 7 7 7 7 6 5 5 6 5 5 5 6 5 5 7 5 8 7 6 6 7 6 6 6 5 6 6 7 6 6 7 7 6 7 8 7 6 5 6 5 5 7 7 6 7 7 6 7 7 7 6 5 
54       5 7 5 4 3 3 4 6 6 6 6 5 3 3 2 3 3 7 7 6 6 5 4 4 4 3 3 2 2 4 7 6 5 5 5 6 5 4 3 2 1 3 7 6 5 4 5 6 5 5 3 2 1 0 1 4 6 5 6 6 5 5 5 5 4 4 3 3 2 1 2 3 6 5 6 6 6 5 4 6 5 4 5 4 4 3 2 3 2 4 4 6 5 6 7 7 6 5 6 5 5 4 4 4 3 4 4 4 6 5 4 5 6 5 5 4 4 5 5 7 8 7 6 5 6 4 5 3 5 5 6 4 4 5 4 5 7 6 4 3 5 4 4 6 7 6 7 7 7 7 6 5 4 4 5 4 5 5 5 4 4 6 5 8 6 5 5 6 5 5 5 4 5 5 6 6 6 7 7 5 6 7 6 5 4 5 4 4 7 6 6 7 6 6 7 6 6 5 4 
55       4 6 4 3 3 2 3 5 5 5 5 4 2 3 2 2 2 6 6 5 5 4 3 3 4 3 4 3 1 3 6 5 4 4 4 5 4 4 4 3 2 2 6 5 4 3 4 5 4 5 3 3 2 1 0 3 5 4 5 5 4 4 4 4 3 3 2 3 3 2 1 2 5 4 5 5 5 4 3 5 4 3 4 3 4 4 3 2 1 3 3 5 4 5 6 6 5 4 5 4 4 3 4 5 2 3 3 3 5 4 3 4 5 4 4 4 3 4 4 6 7 6 5 4 5 3 4 2 4 4 5 3 3 4 3 4 6 5 3 2 4 3 3 5 6 5 6 6 6 6 5 4 3 3 4 3 4 4 4 3 3 5 4 7 5 4 4 5 4 4 4 3 4 4 5 5 5 6 6 4 5 6 5 4 3 4 3 3 6 5 5 6 5 5 6 5 5 4 3 
56       6 8 6 5 4 3 2 7 7 7 7 6 4 4 3 3 3 8 8 7 7 6 5 5 5 4 5 4 2 2 8 7 6 6 6 7 6 6 5 4 3 1 8 7 6 5 6 7 6 7 5 4 5 4 3 0 7 6 7 7 6 6 6 6 5 5 4 5 5 4 3 2 7 6 7 7 7 6 5 7 6 5 6 5 6 4 3 4 3 2 1 7 6 7 8 8 7 6 7 6 6 5 5 5 2 3 2 3 7 6 5 6 6 5 4 4 4 5 3 8 9 8 7 6 7 5 5 4 5 6 6 5 5 6 4 4 8 7 5 4 6 5 5 7 8 7 8 8 8 8 7 6 5 5 6 5 5 6 6 4 3 5 6 9 7 6 6 7 6 6 5 5 5 4 5 7 7 8 8 6 7 8 7 6 5 6 5 5 8 7 7 7 7 6 7 7 7 5 4 
57       2 5 5 4 6 7 8 3 3 4 5 5 3 4 5 6 7 2 4 4 4 4 4 4 5 6 6 6 6 8 2 3 3 3 5 6 5 5 5 5 5 7 1 2 2 2 3 4 6 6 5 4 6 6 5 7 0 1 2 3 3 4 4 5 5 5 4 5 5 6 5 6 1 2 2 3 2 3 3 5 6 5 6 5 6 5 6 5 4 6 6 2 3 3 3 3 4 4 5 5 6 5 6 6 5 6 6 6 4 5 4 5 6 6 6 6 6 7 7 6 5 4 4 3 6 6 6 5 7 4 5 6 6 7 6 7 5 4 5 5 7 6 6 5 6 5 6 5 5 5 6 5 4 5 6 6 6 7 7 6 6 8 5 6 5 5 5 6 6 6 7 6 7 7 8 6 6 7 6 5 6 7 6 5 5 6 6 6 7 6 6 7 6 7 7 6 6 7 6 
58       1 4 4 3 5 6 7 2 2 3 4 4 2 3 4 5 6 3 3 3 3 3 3 3 4 5 5 5 5 7 2 2 2 2 4 5 4 4 4 4 4 6 2 1 1 1 2 3 5 5 4 3 5 5 4 6 1 0 1 2 2 3 3 4 4 4 3 4 4 5 4 5 2 1 1 2 1 2 2 4 5 4 5 4 5 4 5 4 3 5 5 2 3 2 2 2 3 3 4 4 5 4 5 5 4 5 5 5 3 4 3 4 5 5 5 5 5 6 6 5 4 3 3 2 5 5 5 4 6 3 4 5 5 6 5 6 4 3 4 4 6 5 5 4 5 4 5 4 4 4 5 4 3 4 5 5 5 6 6 5 5 7 4 5 4 4 4 5 5 5 6 5 6 6 7 5 5 6 5 4 5 6 5 4 4 5 5 5 6 5 5 6 5 6 6 5 5 6 5 
59       2 5 5 4 6 7 8 3 3 4 5 5 3 4 5 6 7 4 3 4 4 4 4 4 5 6 6 6 6 8 3 2 3 3 5 6 5 5 5 5 5 7 3 2 1 2 3 4 6 6 5 4 6 6 5 7 2 1 0 2 2 3 4 5 5 5 4 5 5 6 5 6 3 2 1 1 2 3 3 5 6 5 6 5 6 5 6 5 4 6 6 3 3 2 3 3 4 4 5 5 6 5 6 6 5 6 6 6 4 5 4 5 6 6 6 6 6 7 7 6 5 4 4 3 6 6 6 5 7 4 5 6 6 7 6 7 5 4 5 5 7 6 6 5 6 5 6 5 5 5 6 5 4 5 6 6 6 7 7 6 6 8 5 6 5 5 5 6 6 6 7 6 7 7 8 6 6 7 6 5 6 7 6 5 5 6 6 6 7 6 6 7 6 7 7 6 6 7 6 
60       3 5 5 4 6 7 8 4 4 4 5 5 3 4 5 6 7 5 3 4 4 4 4 4 5 6 6 6 6 8 4 2 3 3 4 5 5 5 5 5 5 7 4 3 1 2 3 3 6 6 5 4 6 6 5 7 3 2 2 0 1 2 4 5 5 5 4 5 5 6 5 6 4 3 3 1 2 2 3 5 6 5 6 5 6 5 6 5 4 6 6 4 4 3 3 3 3 4 5 5 6 5 6 6 5 6 6 6 4 5 4 5 6 6 6 6 6 7 7 6 5 4 4 3 6 6 6 5 7 4 5 6 6 7 6 7 5 4 5 5 7 6 6 5 6 5 6 5 5 5 6 5 4 5 6 6 6 7 7 6 6 8 5 6 5 5 5 6 6 6 7 6 7 7 8 6 6 7 6 5 6 7 6 5 5 6 6 6 7 6 6 7 6 7 7 6 6 7 6 
61       2 4 4 3 5 6 7 3 3 3 4 4 2 3 4 5 6 4 4 3 3 3 3 3 4 5 5 5 5 7 4 3 2 2 3 4 4 4 4 4 4 6 4 3 2 1 2 2 5 5 4 3 5 5 4 6 3 2 2 1 0 1 3 4 4 4 3 4 4 5 4 5 3 2 3 1 2 1 2 4 5 4 5 4 5 4 5 4 3 5 5 3 3 3 3 3 2 3 4 4 5 4 5 5 4 5 5 5 3 4 3 4 5 6 5 5 5 6 6 6 5 4 4 3 5 5 5 4 6 4 5 5 5 6 5 6 5 4 5 4 6 5 5 5 6 5 6 5 5 5 6 5 4 5 6 5 6 6 6 5 5 7 4 6 5 5 5 6 6 6 6 5 6 6 7 5 5 6 6 5 6 7 6 5 5 6 5 5 6 6 5 6 6 7 7 6 6 6 5 
62       3 4 4 4 6 6 7 4 4 3 4 4 3 4 5 6 6 5 5 4 4 3 3 4 5 5 5 5 5 7 5 4 3 2 2 3 4 4 4 4 4 6 5 4 3 2 1 1 4 5 3 3 5 5 4 6 4 3 3 2 1 0 2 3 3 3 2 3 4 5 4 5 4 3 4 2 3 2 1 3 4 3 4 3 4 4 5 4 3 5 5 3 2 3 4 4 3 2 3 3 4 3 4 5 4 5 5 5 4 3 2 3 4 5 4 5 5 6 6 5 6 5 4 3 4 5 4 4 6 4 5 5 5 5 5 6 5 4 4 4 6 5 5 4 5 4 5 5 5 5 5 4 3 4 5 5 5 6 6 5 5 7 3 6 5 4 4 5 5 5 6 5 6 6 7 4 4 5 5 4 5 6 5 4 4 5 5 5 5 5 4 5 5 6 6 5 5 6 5 
63       3 3 3 4 6 6 7 4 4 2 3 4 3 4 5 6 6 5 5 4 3 2 3 4 5 5 5 5 5 7 5 4 3 1 2 3 4 4 4 4 4 6 5 4 3 2 2 1 3 4 3 3 5 5 4 6 4 3 4 4 3 2 0 1 1 2 2 3 4 5 4 5 4 3 4 4 3 2 1 1 2 2 3 3 4 4 5 4 3 5 5 3 2 3 4 4 3 2 2 1 2 3 4 5 4 5 5 5 4 3 2 2 2 3 4 5 5 6 6 5 6 5 4 3 3 4 4 4 6 4 4 4 4 5 5 6 5 4 4 3 5 5 5 4 5 4 5 5 5 5 5 4 3 4 5 4 5 6 6 5 5 7 3 6 5 4 4 5 5 5 6 5 6 6 7 4 4 5 5 4 5 6 5 4 4 5 5 5 5 5 4 5 5 6 6 5 5 6 5 
64       4 4 3 4 6 6 7 5 5 3 3 4 3 4 5 6 6 6 6 5 4 2 3 4 5 5 5 5 5 7 6 5 4 2 2 3 4 4 4 4 4 6 6 5 4 3 3 2 3 4 3 3 5 5 4 6 5 4 5 5 4 3 1 0 1 2 2 3 4 5 4 5 5 4 5 5 4 3 2 2 1 2 4 3 4 4 5 4 3 5 5 4 3 4 5 5 4 3 3 2 3 3 4 5 4 5 5 5 5 4 3 3 3 4 4 5 5 6 6 6 7 6 5 4 4 4 4 4 6 5 5 4 4 5 5 6 6 5 4 3 5 5 5 5 6 5 6 6 6 6 6 5 4 4 5 4 5 6 6 5 5 7 4 7 6 5 5 6 5 6 6 5 6 6 7 5 5 6 6 5 6 7 6 5 5 6 5 5 6 6 5 6 6 6 7 6 6 6 5 
65       4 4 2 3 5 5 6 5 5 3 2 3 2 3 4 5 5 6 6 5 4 1 2 3 4 4 4 4 4 6 6 5 4 2 1 2 3 3 3 3 3 5 6 5 4 3 3 2 2 3 2 2 4 4 3 5 5 4 5 5 4 3 1 1 0 1 1 2 3 4 3 4 5 4 5 5 4 3 2 2 2 1 3 2 3 3 4 3 2 4 4 4 3 4 5 5 4 3 3 2 2 2 3 4 3 4 4 4 4 3 2 3 3 3 3 4 4 5 5 5 6 5 4 3 4 3 3 3 5 4 4 3 3 4 4 5 5 4 3 2 4 4 4 4 5 4 5 5 5 5 5 4 3 3 4 3 4 5 5 4 4 6 3 6 5 4 4 5 4 5 5 4 5 5 6 4 4 5 5 4 5 6 5 4 4 5 4 4 5 5 4 5 5 5 6 5 5 5 4 
66       4 5 3 3 5 5 6 5 5 4 3 3 2 3 4 5 5 6 6 5 5 2 2 3 4 4 4 4 4 6 6 5 4 3 2 2 3 3 3 3 3 5 6 5 4 3 4 3 1 2 2 2 4 4 3 5 5 4 5 5 4 3 2 2 1 0 1 2 3 4 3 4 5 4 5 5 4 3 2 3 2 1 3 2 3 3 4 3 2 4 4 4 3 4 5 5 4 3 4 2 2 2 3 4 3 4 4 4 4 3 2 3 3 3 3 4 4 5 5 5 6 5 4 3 4 3 3 3 5 4 4 3 3 4 4 5 5 4 3 2 4 4 4 4 5 4 5 5 5 5 5 4 3 3 4 3 4 5 5 4 4 6 3 6 5 4 4 5 4 5 5 4 5 5 6 4 4 5 5 4 5 6 5 4 4 5 4 4 5 5 4 5 5 5 6 5 5 5 4 
67       3 5 2 2 4 4 5 4 4 4 3 2 1 2 3 4 4 5 5 4 4 2 1 2 3 3 3 3 3 5 5 4 3 3 2 3 2 2 2 2 2 4 5 4 3 2 3 3 2 3 1 1 3 3 2 4 4 3 4 4 3 2 2 2 1 1 0 1 2 3 2 3 4 3 4 4 3 2 1 3 2 1 2 1 2 2 3 2 1 3 3 3 2 3 4 4 3 2 3 2 2 1 2 3 2 3 3 3 3 2 1 2 3 3 2 3 3 4 4 4 5 4 3 2 3 3 2 2 4 3 4 3 3 3 3 4 4 3 3 2 4 3 3 3 4 3 4 4 4 4 4 3 2 3 4 3 3 4 4 3 3 5 2 5 4 3 3 4 4 4 4 3 4 4 5 3 3 4 4 3 4 5 4 3 3 4 3 3 4 4 3 4 4 4 5 4 4 4 3 
68       4 6 3 3 5 5 6 5 5 5 4 3 2 3 4 5 5 6 6 5 5 3 2 3 3 3 4 4 4 6 6 5 4 4 3 4 3 2 2 3 3 5 6 5 4 3 4 4 3 3 1 2 2 3 3 5 5 4 5 5 4 3 3 3 2 2 1 0 1 4 3 4 5 4 5 5 4 3 2 4 3 2 3 2 1 2 3 3 2 4 4 4 3 4 5 5 4 3 4 3 3 2 2 3 3 4 4 4 4 3 2 3 4 4 3 3 4 4 5 5 6 5 4 3 4 4 3 3 5 4 5 4 4 4 4 5 5 4 4 3 5 4 4 4 5 4 5 5 5 5 5 4 3 4 5 4 4 5 5 4 4 6 3 6 5 4 4 5 5 5 5 4 5 5 6 4 4 5 5 4 5 6 5 4 4 5 4 4 5 5 4 5 5 5 6 5 5 5 4 
69       4 6 4 3 4 4 5 5 5 5 5 4 2 3 3 4 4 6 6 5 5 4 3 3 3 3 3 3 3 5 6 5 4 4 4 5 4 3 2 2 2 4 6 5 4 3 4 5 4 4 2 1 1 2 3 5 5 4 5 5 4 4 4 4 3 3 2 1 0 3 4 4 5 4 5 5 5 4 3 5 4 3 3 3 2 1 2 3 3 4 4 5 4 5 6 6 5 4 5 4 4 2 2 2 3 4 4 3 5 4 3 4 5 4 3 2 3 3 4 6 7 6 5 4 5 4 3 4 4 5 5 5 4 4 4 5 6 5 5 4 4 3 4 5 6 5 6 6 6 6 6 5 4 5 6 5 4 4 5 5 5 6 4 7 6 5 5 6 6 5 6 5 6 6 7 5 5 6 6 5 6 7 6 5 5 6 5 5 6 6 5 6 6 5 6 6 6 6 5 
70       5 7 5 4 4 4 4 6 6 6 6 5 3 4 3 4 4 7 7 6 6 5 4 4 5 4 4 3 3 4 7 6 5 5 5 6 5 5 4 3 2 3 7 6 5 4 5 6 5 6 4 3 2 1 2 4 6 5 6 6 5 5 5 5 4 4 3 4 3 0 1 2 6 5 6 6 6 5 4 6 5 4 4 4 4 2 1 2 2 3 3 6 5 6 7 7 6 5 6 5 5 3 3 3 2 3 3 3 6 5 4 5 6 5 4 3 3 4 4 7 8 7 6 5 6 4 4 3 4 5 6 4 4 5 4 5 7 6 4 3 5 4 4 6 7 6 7 7 7 7 6 5 4 4 5 4 5 5 5 4 4 6 5 8 6 5 5 6 5 5 5 4 5 5 6 6 6 7 7 5 6 7 6 5 4 5 4 4 7 6 6 7 6 6 7 6 6 5 4 
71       4 6 4 3 4 3 3 5 5 5 5 4 2 3 3 3 3 6 6 5 5 4 3 3 4 4 5 4 2 3 6 5 4 4 4 5 4 4 4 4 3 2 6 5 4 3 4 5 4 5 3 3 3 2 1 3 5 4 5 5 4 4 4 4 3 3 2 3 4 1 0 1 5 4 5 5 5 4 3 5 4 3 4 3 4 3 2 2 1 2 2 5 4 5 6 6 5 4 5 4 4 3 4 4 2 3 2 3 5 4 3 4 5 4 4 4 3 4 3 6 7 6 5 4 5 3 4 2 4 4 5 3 3 4 3 4 6 5 3 2 4 3 3 5 6 5 6 6 6 6 5 4 3 3 4 3 4 4 4 3 3 5 4 7 5 4 4 5 4 4 4 3 4 4 5 5 5 6 6 4 5 6 5 4 3 4 3 3 6 5 5 6 5 5 6 5 5 4 3 
72       5 7 5 4 4 3 2 6 6 6 6 5 3 4 3 3 3 7 7 6 6 5 4 4 5 4 5 4 2 2 7 6 5 5 5 6 5 5 5 4 3 1 7 6 5 4 5 6 5 6 4 4 4 3 2 2 6 5 6 6 5 5 5 5 4 4 3 4 4 2 1 0 6 5 6 6 6 5 4 6 5 4 5 4 5 3 2 3 2 1 1 6 5 6 7 7 6 5 6 5 5 4 4 4 1 2 1 2 6 5 4 5 5 4 3 3 3 4 2 7 8 7 6 5 6 4 4 3 4 5 5 4 4 5 3 3 7 6 4 3 5 4 4 6 7 6 7 7 7 7 6 5 4 4 5 4 4 5 5 3 2 4 5 8 6 5 5 6 5 5 4 4 4 3 4 6 6 7 7 5 6 7 6 5 4 5 4 4 7 6 6 6 6 5 6 6 6 4 3 
73       3 5 5 4 6 7 8 4 4 4 5 5 3 4 5 6 7 3 5 4 4 4 4 4 5 6 6 6 6 8 3 4 3 3 5 6 5 5 5 5 5 7 2 3 3 2 3 4 6 6 5 4 6 6 5 7 1 2 3 4 3 4 4 5 5 5 4 5 5 6 5 6 0 1 2 4 3 3 3 5 6 5 6 5 6 5 6 5 4 6 6 1 2 2 3 4 4 4 5 5 6 5 6 6 5 6 6 6 5 5 4 5 6 7 6 6 6 7 7 6 5 4 5 4 6 6 6 5 7 5 6 6 6 7 6 7 6 5 6 5 7 6 6 5 6 5 6 6 6 6 7 6 5 6 7 6 7 7 7 6 6 8 5 7 6 6 6 7 7 7 7 6 7 7 8 6 6 7 7 6 7 8 7 6 6 7 6 6 7 7 6 7 7 8 8 7 7 7 6 
74       2 4 4 3 5 6 7 3 3 3 4 4 2 3 4 5 6 4 4 3 3 3 3 3 4 5 5 5 5 7 3 3 2 2 4 5 4 4 4 4 4 6 3 2 2 1 2 3 5 5 4 3 5 5 4 6 2 1 2 3 2 3 3 4 4 4 3 4 4 5 4 5 1 0 1 3 2 2 2 4 5 4 5 4 5 4 5 4 3 5 5 1 2 1 2 3 3 3 4 4 5 4 5 5 4 5 5 5 4 4 3 4 5 6 5 5 5 6 6 5 4 3 4 3 5 5 5 4 6 4 5 5 5 6 5 6 5 4 5 4 6 5 5 4 5 4 5 5 5 5 6 5 4 5 6 5 6 6 6 5 5 7 4 6 5 5 5 6 6 6 6 5 6 6 7 5 5 6 6 5 6 7 6 5 5 6 5 5 6 6 5 6 6 7 7 6 6 6 5 
75       2 5 5 4 6 7 8 3 3 4 5 5 3 4 5 6 7 4 4 4 4 4 4 4 5 6 6 6 6 8 3 3 3 3 5 6 5 5 5 5 5 7 3 2 2 2 3 4 6 6 5 4 6 6 5 7 2 1 1 3 3 4 4 5 5 5 4 5 5 6 5 6 2 1 0 2 2 3 3 5 6 5 6 5 6 5 6 5 4 6 6 2 2 1 2 3 4 4 5 5 6 5 6 6 5 6 6 6 4 5 4 5 6 6 6 6 6 7 7 5 4 3 4 3 6 6 6 5 7 4 5 6 6 7 6 7 5 4 5 5 7 6 6 4 5 4 5 5 5 5 6 5 4 5 6 6 6 7 7 6 6 8 5 6 5 5 5 6 6 6 7 6 7 7 8 6 5 7 6 5 6 7 6 5 5 6 6 6 7 6 6 7 6 7 7 6 6 7 6 
76       3 5 5 4 6 7 8 4 4 4 5 5 3 4 5 6 7 5 4 4 4 4 4 4 5 6 6 6 6 8 4 3 3 3 4 5 5 5 5 5 5 7 4 3 2 2 3 3 6 6 5 4 6 6 5 7 3 2 1 1 1 2 4 5 5 5 4 5 5 6 5 6 4 3 2 0 1 2 3 5 5 5 6 5 6 5 6 5 4 6 6 4 3 2 2 2 3 4 5 4 5 5 6 6 5 6 6 6 3 4 3 4 5 5 6 6 6 7 7 5 4 3 3 2 5 5 6 5 7 3 4 5 5 7 6 7 4 3 4 4 6 6 6 4 5 4 5 4 4 4 5 4 3 4 5 5 5 6 6 6 6 8 4 5 4 4 4 5 5 5 7 6 7 7 8 5 5 6 5 4 5 6 5 4 4 5 5 6 6 5 5 6 5 6 6 5 5 6 6 
77       2 5 5 4 6 7 8 3 3 4 5 5 3 4 5 6 7 4 4 4 4 4 4 4 5 6 6 6 6 8 3 3 3 3 5 6 5 5 5 5 5 7 3 2 2 2 3 4 5 6 4 4 6 6 5 7 2 1 2 2 2 3 3 4 4 4 3 4 5 6 5 6 3 2 2 1 0 1 2 4 4 4 5 4 5 5 6 5 4 6 6 3 2 1 1 1 2 3 4 3 4 4 5 6 5 6 6 6 2 3 2 3 4 4 5 6 6 6 7 4 3 2 2 1 4 4 5 4 6 2 3 4 4 6 5 6 3 2 3 3 5 5 5 3 4 3 4 3 3 3 4 3 2 3 4 4 4 5 5 5 5 7 3 4 3 3 3 4 4 4 6 5 6 6 7 4 4 5 4 3 4 5 4 3 3 4 4 5 5 4 4 5 4 5 5 4 4 5 5 
78       2 4 4 3 5 6 7 3 3 3 4 4 2 3 4 5 6 4 4 3 3 3 3 3 4 5 5 5 5 7 4 3 2 2 4 5 4 4 4 4 4 6 4 3 2 1 2 3 4 5 3 3 5 5 4 6 3 2 3 2 1 2 2 3 3 3 2 3 4 5 4 5 3 2 3 2 1 0 1 3 4 3 4 3 4 4 5 4 3 5 5 3 2 2 2 2 1 2 3 3 4 3 4 5 4 5 5 5 2 3 2 3 4 5 4 5 5 6 6 5 4 3 3 2 4 5 4 4 6 3 4 5 5 5 5 6 4 3 4 4 6 5 5 4 5 4 5 4 4 4 5 4 3 4 5 5 5 6 6 5 5 7 3 5 4 4 4 5 5 5 6 5 6 6 7 4 4 5 5 4 5 6 5 4 4 5 5 5 5 5 4 5 5 6 6 5 5 6 5 
79       2 4 3 3 5 5 6 3 3 3 4 3 2 3 4 5 5 4 4 3 3 3 2 3 4 4 4 4 4 6 4 3 2 2 3 4 3 3 3 3 3 5 4 3 2 1 2 2 3 4 2 2 4 4 3 5 3 2 3 3 2 1 1 2 2 2 1 2 3 4 3 4 3 2 3 3 2 1 0 2 3 2 3 2 3 3 4 3 2 4 4 2 1 2 3 3 2 1 2 2 3 2 3 4 3 4 4 4 3 2 1 2 3 4 3 4 4 5 5 4 5 4 3 2 3 4 3 3 5 3 4 4 4 4 4 5 4 3 3 3 5 4 4 3 4 3 4 4 4 4 4 3 2 3 4 4 4 5 5 4 4 6 2 5 4 3 3 4 4 4 5 4 5 5 6 3 3 4 4 3 4 5 4 3 3 4 4 4 4 4 3 4 4 5 5 4 4 5 4 
80       4 4 4 5 7 7 8 5 5 3 4 5 4 5 6 7 7 6 6 5 4 3 4 5 6 6 6 6 6 8 6 5 4 2 3 4 5 5 5 5 5 7 6 5 4 3 3 2 4 5 4 4 6 6 5 7 5 4 5 5 4 3 1 2 2 3 3 4 5 6 5 6 5 4 5 5 4 3 2 0 2 2 3 4 5 5 6 5 4 6 6 4 3 4 5 4 3 2 1 1 2 4 5 6 5 6 6 5 3 2 2 2 2 3 4 6 6 6 6 5 6 5 4 3 3 4 5 4 6 4 4 4 4 6 5 6 5 4 4 3 5 5 5 4 5 4 5 5 5 5 5 4 3 4 5 4 5 6 6 5 5 7 3 6 5 4 4 5 5 5 6 5 6 6 7 4 4 5 5 4 5 6 5 4 4 5 5 5 5 5 4 5 5 6 6 5 5 6 5 
81       5 5 4 4 6 6 7 6 6 4 4 4 3 4 5 6 6 7 7 6 5 3 3 4 5 5 5 5 5 7 7 6 5 3 3 4 4 4 4 4 4 6 7 6 5 4 4 3 3 4 3 3 5 5 4 6 6 5 6 6 5 4 2 1 2 2 2 3 4 5 4 5 6 5 6 5 4 4 3 2 0 1 3 3 4 4 5 4 3 5 5 5 4 5 5 5 5 4 3 1 2 3 4 5 4 5 5 5 4 3 2 2 2 3 4 5 5 5 6 5 6 5 4 3 3 3 4 3 5 4 4 3 3 5 4 5 5 4 3 2 4 4 4 4 5 4 5 5 5 5 5 4 3 3 4 3 4 5 5 4 4 6 3 6 5 4 4 5 4 5 5 4 5 5 6 4 4 5 5 4 5 6 5 4 4 5 4 4 5 5 4 5 5 5 6 5 5 5 4 
82       4 5 3 3 5 5 6 5 5 4 3 3 2 3 4 5 5 6 6 5 5 2 2 3 4 4 4 4 4 6 6 5 4 3 2 3 3 3 3 3 3 5 6 5 4 3 4 3 2 3 2 2 4 4 3 5 5 4 5 5 4 3 2 2 1 1 1 2 3 4 3 4 5 4 5 5 4 3 2 2 1 0 2 2 3 3 4 3 2 4 4 4 3 4 5 5 4 3 3 1 1 2 3 4 3 4 4 4 4 3 2 2 2 2 3 4 4 4 5 5 6 5 4 3 3 2 3 2 4 3 3 2 2 4 3 4 5 4 2 1 3 3 3 4 5 4 5 5 5 5 4 3 2 2 3 2 3 4 4 3 3 5 3 6 4 3 3 4 3 4 4 3 4 4 5 4 4 5 5 3 4 5 4 3 3 4 3 3 5 4 4 5 4 4 5 4 4 4 3 
83       5 6 4 4 6 6 7 6 6 5 5 4 3 4 5 6 6 7 7 6 6 4 3 4 5 5 5 5 5 7 7 6 5 4 4 5 4 4 4 4 4 6 7 6 5 4 5 4 4 5 3 3 4 5 4 6 6 5 6 6 5 4 3 4 3 3 2 3 3 4 4 5 6 5 6 6 5 4 3 3 3 2 0 3 3 2 3 4 3 5 5 5 4 5 6 6 5 4 4 2 1 1 2 3 4 5 5 3 5 4 3 3 3 2 2 3 4 4 4 6 7 6 5 4 4 3 2 4 5 4 3 3 3 3 4 5 6 5 4 3 4 4 5 5 6 5 6 6 6 6 6 5 4 4 5 4 3 4 5 5 5 6 4 7 6 5 5 6 5 4 6 5 6 6 7 5 5 6 6 5 6 6 6 5 4 5 5 5 6 6 5 5 5 4 5 6 6 6 5 
84       4 6 3 3 5 5 6 5 5 5 4 3 2 3 4 5 5 6 6 5 5 3 2 3 4 4 4 4 4 6 6 5 4 4 3 4 3 3 3 3 3 5 6 5 4 3 4 4 3 4 2 2 4 4 3 5 5 4 5 5 4 3 3 3 2 2 1 2 3 4 3 4 5 4 5 5 4 3 2 4 3 2 3 0 1 3 4 3 2 4 4 4 3 4 5 5 4 3 4 3 3 2 2 4 3 4 4 4 4 3 2 3 4 4 3 4 4 5 5 5 6 5 4 3 4 4 3 3 5 4 5 4 4 4 4 5 5 4 4 3 5 4 4 4 5 4 5 5 5 5 5 4 3 4 5 4 4 5 5 4 4 6 3 6 5 4 4 5 5 5 5 4 5 5 6 4 4 5 5 4 5 6 5 4 4 5 4 4 5 5 4 5 5 5 6 5 5 5 4 
85       5 7 4 4 6 6 7 6 6 6 5 4 3 4 5 6 6 7 7 6 6 4 3 4 4 4 5 5 5 7 7 6 5 5 4 5 4 3 3 4 4 6 7 6 5 4 5 5 4 4 2 3 3 4 4 6 6 5 6 6 5 4 4 4 3 3 2 1 2 4 4 5 6 5 6 6 5 4 3 5 4 3 3 1 0 2 3 4 3 5 5 5 4 5 6 6 5 4 5 4 4 2 1 3 4 5 5 4 5 4 3 4 5 4 3 3 4 4 5 6 7 6 5 4 5 4 3 4 5 5 5 5 4 4 5 6 6 5 5 4 5 4 5 5 6 5 6 6 6 6 6 5 4 5 6 5 4 5 6 5 5 7 4 7 6 5 5 6 6 5 6 5 6 6 7 5 5 6 6 5 6 7 6 5 5 6 5 5 6 6 5 6 6 5 6 6 6 6 5 
86       4 6 4 3 4 4 5 5 5 5 5 4 2 3 3 4 4 6 6 5 5 4 3 3 3 3 3 3 3 5 6 5 4 4 4 5 4 3 2 2 2 4 6 5 4 3 4 5 4 4 2 1 2 3 4 4 5 4 5 5 4 4 4 4 3 3 2 2 1 2 3 3 5 4 5 5 5 4 3 5 4 3 2 3 2 0 1 2 3 3 3 5 4 5 6 6 5 4 5 4 3 1 1 1 2 3 3 2 5 4 3 4 4 3 2 1 2 2 3 6 7 6 5 4 5 3 2 3 3 5 4 4 3 3 3 4 6 5 5 4 3 2 3 5 6 5 6 6 6 6 6 5 4 5 5 4 3 3 4 4 4 5 4 7 6 5 5 6 5 4 5 4 5 5 6 5 5 6 6 5 6 6 6 5 4 5 4 4 6 6 5 5 5 4 5 6 6 5 4 
87       5 7 5 4 3 3 4 6 6 6 6 5 3 3 2 3 3 7 7 6 6 5 4 4 4 3 3 2 2 4 7 6 5 5 5 6 5 4 3 2 1 3 7 6 5 4 5 6 5 5 3 2 3 2 3 3 6 5 6 6 5 5 5 5 4 4 3 3 2 1 2 2 6 5 6 6 6 5 4 6 5 4 3 4 3 1 0 1 2 2 2 6 5 6 7 7 6 5 6 5 4 2 2 2 1 2 2 2 6 5 4 5 5 4 3 2 2 3 3 7 8 7 6 5 6 4 3 3 3 5 5 4 4 4 3 4 7 6 4 3 4 3 4 6 7 6 7 7 7 7 6 5 4 4 5 4 4 4 5 4 3 5 5 8 6 5 5 6 5 5 5 4 5 4 5 6 6 7 7 5 6 7 6 5 4 5 4 4 7 6 6 6 6 5 6 6 6 5 4 
88       4 6 4 3 4 4 5 5 5 5 5 4 2 3 3 4 4 6 6 5 5 4 3 3 4 4 4 3 3 5 6 5 4 4 4 5 4 4 4 3 2 4 6 5 4 3 4 5 4 5 3 3 4 3 2 4 5 4 5 5 4 4 4 4 3 3 2 3 3 2 2 3 5 4 5 5 5 4 3 5 4 3 4 3 4 2 1 0 1 3 3 5 4 5 6 6 5 4 5 4 4 3 3 3 2 3 3 2 5 4 3 4 5 4 3 2 1 3 3 6 7 6 5 4 5 3 3 2 2 4 5 3 3 4 3 4 6 5 3 2 4 3 3 5 6 5 6 6 6 6 5 4 3 3 4 3 4 4 4 3 3 5 4 7 5 4 4 5 4 4 4 3 4 4 5 5 5 6 6 4 5 6 5 4 3 4 3 3 6 5 5 6 5 5 6 5 5 4 3 
89       3 5 3 2 4 3 4 4 4 4 4 3 1 2 3 3 3 5 5 4 4 3 2 2 3 4 4 4 2 4 5 4 3 3 3 4 3 3 3 3 3 3 5 4 3 2 3 4 3 4 2 2 3 2 1 3 4 3 4 4 3 3 3 3 2 2 1 2 3 2 1 2 4 3 4 4 4 3 2 4 3 2 3 2 3 3 2 1 0 2 2 4 3 4 5 5 4 3 4 3 3 2 3 4 1 2 2 2 4 3 2 3 4 3 3 3 2 3 3 5 6 5 4 3 4 2 3 1 3 3 4 2 2 3 2 3 5 4 2 1 3 2 2 4 5 4 5 5 5 5 4 3 2 2 3 2 3 3 3 2 2 4 3 6 4 3 3 4 3 3 3 2 3 3 4 4 4 5 5 3 4 5 4 3 2 3 2 2 5 4 4 5 4 4 5 4 4 3 2 
90       5 7 5 4 5 4 3 6 6 6 6 5 3 4 4 4 4 7 7 6 6 5 4 4 5 5 5 4 3 3 7 6 5 5 5 6 5 5 5 4 3 2 7 6 5 4 5 6 5 6 4 4 5 4 3 2 6 5 6 6 5 5 5 5 4 4 3 4 4 3 2 1 6 5 6 6 6 5 4 6 5 4 5 4 5 3 2 3 2 0 1 6 5 6 7 7 6 5 6 5 5 4 4 4 1 2 2 2 6 5 4 5 5 4 3 3 3 4 3 7 8 7 6 5 6 4 4 3 4 5 5 4 4 5 3 4 7 6 4 3 5 4 4 6 7 6 7 7 7 7 6 5 4 4 5 4 4 5 5 4 3 5 5 8 6 5 5 6 5 5 5 4 5 4 5 6 6 7 7 5 6 7 6 5 4 5 4 4 7 6 6 6 6 5 6 6 6 5 4 
91       5 7 5 4 5 4 3 6 6 6 6 5 3 4 4 4 4 7 7 6 6 5 4 4 5 5 5 4 3 3 7 6 5 5 5 6 5 5 5 4 3 2 7 6 5 4 5 6 5 6 4 4 5 4 3 1 6 5 6 6 5 5 5 5 4 4 3 4 4 3 2 1 6 5 6 6 6 5 4 6 5 4 5 4 5 3 2 3 2 1 0 6 5 6 7 7 6 5 6 5 5 4 4 4 1 2 1 2 6 5 4 5 5 4 3 3 3 4 2 7 8 7 6 5 6 4 4 3 4 5 5 4 4 5 3 3 7 6 4 3 5 4 4 6 7 6 7 7 7 7 6 5 4 4 5 4 4 5 5 3 2 4 5 8 6 5 5 6 5 5 4 4 4 3 4 6 6 7 7 5 6 7 6 5 4 5 4 4 7 6 6 6 6 5 6 6 6 4 3 
92       3 5 5 4 6 7 8 4 4 4 5 5 3 4 5 6 7 4 5 4 4 4 4 4 5 6 6 6 6 8 4 4 3 3 5 6 5 5 5 5 5 7 3 3 3 2 3 4 5 6 4 4 6 6 5 7 2 2 3 4 3 3 3 4 4 4 3 4 5 6 5 6 1 1 2 4 3 3 2 4 5 4 5 4 5 5 6 5 4 6 6 0 1 2 3 4 4 3 4 4 5 4 5 6 5 6 6 6 5 4 3 4 5 6 5 6 6 7 7 6 5 4 5 4 5 6 5 5 7 5 6 6 6 6 6 7 6 5 5 5 7 6 6 5 6 5 6 6 6 6 6 5 4 5 6 6 6 7 7 6 6 8 4 7 6 5 5 6 6 6 7 6 7 7 8 5 5 6 6 5 6 7 6 5 5 6 6 6 6 6 5 6 6 7 7 6 6 7 6 
93       3 5 4 4 6 6 7 4 4 4 5 4 3 4 5 6 6 5 5 4 4 4 3 4 5 5 5 5 5 7 5 4 3 3 4 5 4 4 4 4 4 6 4 4 3 2 3 3 4 5 3 3 5 5 4 6 3 3 3 4 3 2 2 3 3 3 2 3 4 5 4 5 2 2 2 3 2 2 1 3 4 3 4 3 4 4 5 4 3 5 5 1 0 1 2 3 3 2 3 3 4 3 4 5 4 5 5 5 4 3 2 3 4 5 4 5 5 6 6 5 4 3 4 3 4 5 4 4 6 4 5 5 5 5 5 6 5 4 4 4 6 5 5 4 5 4 5 5 5 5 5 4 3 4 5 5 5 6 6 5 5 7 3 6 5 4 4 5 5 5 6 5 6 6 7 4 4 5 5 4 5 6 5 4 4 5 5 5 5 5 4 5 5 6 6 5 5 6 5 
94       3 5 5 4 6 7 8 4 4 4 5 5 3 4 5 6 7 5 5 4 4 4 4 4 5 6 6 6 6 8 4 4 3 3 5 6 5 5 5 5 5 7 4 3 3 2 3 4 5 6 4 4 6 6 5 7 3 2 2 3 3 3 3 4 4 4 3 4 5 6 5 6 2 1 1 2 1 2 2 4 5 4 5 4 5 5 6 5 4 6 6 2 1 0 1 2 3 3 4 4 5 4 5 6 5 6 6 6 3 4 3 4 5 5 5 6 6 7 7 4 3 2 3 2 5 5 5 5 7 3 4 5 5 6 6 7 4 3 4 4 6 6 6 3 4 3 4 4 4 4 5 4 3 4 5 5 5 6 6 6 6 8 4 5 4 4 4 5 5 5 7 6 7 7 8 5 4 6 5 4 5 6 5 4 4 5 5 6 6 5 5 6 5 6 6 5 5 6 6 
95       3 6 6 5 7 8 9 4 4 5 6 6 4 5 6 7 8 5 5 5 5 5 5 5 6 7 7 7 7 9 4 4 4 4 6 7 6 6 6 6 6 8 4 3 3 3 4 5 6 7 5 5 7 7 6 8 3 2 3 3 3 4 4 5 5 5 4 5 6 7 6 7 3 2 2 2 1 2 3 5 5 5 6 5 6 6 7 6 5 7 7 3 2 1 0 2 3 4 5 4 5 5 6 7 6 7 7 7 3 4 3 4 5 5 6 7 7 7 8 3 2 1 2 2 5 5 6 5 7 3 4 5 5 7 6 7 3 3 4 4 6 6 6 2 3 2 3 3 3 4 4 4 3 4 5 5 5 6 6 6 6 8 3 4 3 4 4 5 5 5 7 6 7 7 8 4 3 5 4 4 5 6 5 4 4 5 5 6 5 5 4 5 5 6 6 5 5 6 6 
96       3 6 6 5 7 8 9 4 4 5 6 6 4 5 6 7 8 5 5 5 5 5 5 5 6 7 7 7 7 9 4 4 4 4 6 7 6 6 6 6 6 8 4 3 3 3 4 5 6 7 5 5 7 7 6 8 3 2 3 3 3 4 4 5 5 5 4 5 6 7 6 7 4 3 3 2 1 2 3 4 5 5 6 5 6 6 7 6 5 7 7 4 3 2 2 0 1 2 3 4 5 5 6 7 6 7 7 7 1 2 3 4 5 5 6 7 7 7 8 5 4 3 3 2 5 5 6 5 7 3 4 5 5 7 6 7 4 3 4 4 6 6 6 4 5 4 5 4 4 4 5 4 3 4 5 5 5 6 6 6 6 8 4 5 4 4 4 5 5 5 7 6 7 7 8 5 5 6 5 4 5 6 5 4 4 5 5 6 6 5 5 6 5 6 6 5 5 6 6 
97       3 5 5 4 6 7 8 4 4 4 5 5 3 4 5 6 7 5 5 4 4 4 4 4 5 6 6 6 6 8 5 4 3 3 5 6 5 5 5 5 5 7 5 4 3 2 3 4 5 6 4 4 6 6 5 7 4 3 4 3 2 3 3 4 4 4 3 4 5 6 5 6 4 3 4 3 2 1 2 3 5 4 5 4 5 5 6 5 4 6 6 4 3 3 3 1 0 1 2 4 5 4 5 6 5 6 6 6 1 2 3 3 5 5 5 6 6 7 7 5 5 4 3 2 4 5 5 5 7 3 4 5 5 6 6 7 4 3 4 4 6 6 6 4 5 5 5 4 4 4 5 4 3 4 5 5 5 6 6 6 6 8 4 5 4 4 4 5 5 5 7 6 7 7 8 5 5 6 5 4 5 6 5 4 4 5 5 6 6 5 5 6 5 6 6 5 5 6 6 
98       3 5 4 4 6 6 7 4 4 4 5 4 3 4 5 6 6 5 5 4 4 4 3 4 5 5 5 5 5 7 5 4 3 3 4 5 4 4 4 4 4 6 5 4 3 2 3 3 4 5 3 3 5 5 4 6 4 3 4 4 3 2 2 3 3 3 2 3 4 5 4 5 4 3 4 4 3 2 1 2 4 3 4 3 4 4 5 4 3 5 5 3 2 3 4 2 1 0 1 3 4 3 4 5 4 5 5 5 2 1 2 2 4 5 4 5 5 6 6 5 6 5 4 3 3 5 4 4 6 4 4 5 5 5 5 6 5 4 4 4 6 5 5 4 5 4 5 5 5 5 5 4 3 4 5 5 5 6 6 5 5 7 3 6 5 4 4 5 5 5 6 5 6 6 7 4 4 5 5 4 5 6 5 4 4 5 5 5 5 5 4 5 5 6 6 5 5 6 5 
99       4 5 5 5 7 7 8 5 5 4 5 5 4 5 6 7 7 6 6 5 5 4 4 5 6 6 6 6 6 8 6 5 4 3 4 5 5 5 5 5 5 7 6 5 4 3 4 3 5 6 4 4 6 6 5 7 5 4 5 5 4 3 2 3 3 4 3 4 5 6 5 6 5 4 5 5 4 3 2 1 3 3 4 4 5 5 6 5 4 6 6 4 3 4 5 3 2 1 0 2 3 4 5 6 5 6 6 6 2 1 2 1 3 4 5 6 6 7 7 5 6 5 4 3 2 5 5 5 7 4 3 5 5 6 6 7 5 4 4 4 6 6 6 4 5 4 5 5 5 5 5 4 3 4 5 5 5 6 6 6 6 8 3 6 5 4 4 5 5 5 7 6 7 7 8 4 4 5 5 4 5 6 5 4 4 5 5 6 5 5 4 5 5 6 6 5 5 6 6 
100       4 4 4 4 6 6 7 5 5 3 4 4 3 4 5 6 6 6 6 5 4 3 3 4 5 5 5 5 5 7 6 5 4 2 3 4 4 4 4 4 4 6 6 5 4 3 3 2 3 4 3 3 5 5 4 6 5 4 5 5 4 3 1 2 2 2 2 3 4 5 4 5 5 4 5 4 3 3 2 1 1 1 2 3 4 4 5 4 3 5 5 4 3 4 4 4 4 3 2 0 1 3 4 5 4 5 5 4 3 2 1 1 1 2 3 5 5 5 5 4 5 4 3 2 2 3 4 3 5 3 3 3 3 5 4 5 4 3 3 2 4 4 4 3 4 3 4 4 4 4 4 3 2 3 4 3 4 5 5 4 4 6 2 5 4 3 3 4 4 4 5 4 5 5 6 3 3 4 4 3 4 5 4 3 3 4 4 4 4 4 3 4 4 5 5 4 4 5 4 
101       5 5 4 4 6 6 7 6 6 4 4 4 3 4 5 6 6 7 7 6 5 3 3 4 5 5 5 5 5 7 7 6 5 3 3 4 4 4 4 4 4 6 7 6 5 4 4 3 3 4 3 3 5 5 4 6 6 5 6 6 5 4 2 3 2 2 2 3 4 5 4 5 6 5 6 5 4 4 3 2 2 1 1 3 4 3 4 4 3 5 5 5 4 5 5 5 5 4 3 1 0 2 3 4 4 5 5 3 4 3 2 2 2 1 2 4 4 5 4 5 6 5 4 3 3 2 3 3 5 3 2 2 3 4 4 5 5 4 3 2 4 4 4 4 5 4 5 5 5 5 5 4 3 3 4 3 3 4 5 4 4 6 3 6 5 4 4 5 4 4 5 4 5 5 6 4 4 5 5 4 5 6 5 4 4 5 4 4 5 5 4 5 5 4 5 5 5 5 4 
102       4 6 3 3 5 5 6 5 5 5 4 3 2 3 4 5 5 6 6 5 5 3 2 3 4 4 4 4 4 6 6 5 4 4 3 4 3 3 3 3 3 5 6 5 4 3 4 4 3 4 2 2 3 4 3 5 5 4 5 5 4 3 3 3 2 2 1 2 2 3 3 4 5 4 5 5 4 3 2 4 3 2 1 2 2 1 2 3 2 4 4 4 3 4 5 5 4 3 4 3 2 0 1 2 3 4 4 2 4 3 2 3 3 2 1 2 3 3 3 5 6 5 4 3 4 2 1 3 4 4 3 3 2 2 3 4 5 4 4 3 3 3 4 4 5 4 5 5 5 5 5 4 3 4 4 3 2 3 4 4 4 5 3 6 5 4 4 5 4 3 5 4 5 5 6 4 4 5 5 4 5 5 5 4 3 4 4 4 5 5 4 4 4 3 4 5 5 5 4 
103       5 7 4 4 5 5 6 6 6 6 5 4 3 4 4 5 5 7 7 6 6 4 3 4 4 4 4 4 4 6 7 6 5 5 4 5 4 4 3 3 3 5 7 6 5 4 5 5 4 5 3 2 3 4 4 5 6 5 6 6 5 4 4 4 3 3 2 2 2 3 4 4 6 5 6 6 5 4 3 5 4 3 2 2 1 1 2 3 3 4 4 5 4 5 6 6 5 4 5 4 3 1 0 2 3 4 4 3 5 4 3 4 4 3 2 2 3 3 4 6 7 6 5 4 5 3 2 4 4 5 4 4 3 3 4 5 6 5 5 4 4 3 4 5 6 5 6 6 6 6 6 5 4 5 5 4 3 4 5 5 5 6 4 7 6 5 5 6 5 4 6 5 6 6 7 5 5 6 6 5 6 6 6 5 4 5 5 5 6 6 5 5 5 4 5 6 6 6 5 
104       5 7 5 4 5 5 6 6 6 6 6 5 3 4 4 5 5 7 7 6 6 5 4 4 4 4 4 4 4 6 7 6 5 5 5 6 5 4 3 3 3 5 7 6 5 4 5 6 5 5 3 2 3 4 5 5 6 5 6 6 5 5 5 5 4 4 3 3 2 3 4 4 6 5 6 6 6 5 4 6 5 4 3 4 3 1 2 3 4 4 4 6 5 6 7 7 6 5 6 5 4 2 2 0 3 4 4 2 6 5 4 5 5 4 3 1 2 2 3 7 8 7 6 5 6 3 2 3 3 6 5 5 3 3 3 4 7 6 5 4 3 2 3 6 7 6 7 7 7 7 7 6 5 5 5 4 3 3 4 4 4 5 5 8 7 6 6 6 5 4 5 4 5 5 6 6 6 7 7 6 6 6 7 5 4 5 4 4 7 6 6 5 5 4 5 6 6 5 4 
105       4 6 4 3 4 4 3 5 5 5 5 4 2 3 3 4 4 6 6 5 5 4 3 3 4 4 4 3 3 3 6 5 4 4 4 5 4 4 4 3 2 2 6 5 4 3 4 5 4 5 3 3 4 3 2 2 5 4 5 5 4 4 4 4 3 3 2 3 3 2 2 1 5 4 5 5 5 4 3 5 4 3 4 3 4 2 1 2 1 1 1 5 4 5 6 6 5 4 5 4 4 3 3 3 0 1 1 1 5 4 3 4 4 3 2 2 2 3 2 6 7 6 5 4 5 3 3 2 3 4 4 3 3 4 2 3 6 5 3 2 4 3 3 5 6 5 6 6 6 6 5 4 3 3 4 3 3 4 4 3 2 4 4 7 5 4 4 5 4 4 4 3 4 3 4 5 5 6 6 4 5 6 5 4 3 4 3 3 6 5 5 5 5 4 5 5 5 4 3 
106       5 7 5 4 5 5 4 6 6 6 6 5 3 4 4 5 5 7 7 6 6 5 4 4 5 5 5 4 4 4 7 6 5 5 5 6 5 5 5 4 3 3 7 6 5 4 5 6 5 6 4 4 5 4 3 3 6 5 6 6 5 5 5 5 4 4 3 4 4 3 3 2 6 5 6 6 6 5 4 6 5 4 5 4 5 3 2 3 2 2 2 6 5 6 7 7 6 5 6 5 5 4 4 4 1 0 1 2 6 5 4 5 5 4 3 3 3 4 2 7 8 7 6 5 6 4 4 3 4 5 5 4 4 5 3 3 7 6 4 3 5 4 4 6 7 6 7 7 7 7 6 5 4 4 5 4 4 5 5 3 2 4 5 8 6 5 5 6 5 5 4 4 4 3 4 6 6 7 7 5 6 7 6 5 4 5 4 4 7 6 6 6 6 5 6 6 6 4 3 
107       5 7 5 4 5 4 3 6 6 6 6 5 3 4 4 4 4 7 7 6 6 5 4 4 5 5 5 4 3 3 7 6 5 5 5 6 5 5 5 4 3 2 7 6 5 4 5 6 5 6 4 4 5 4 3 2 6 5 6 6 5 5 5 5 4 4 3 4 4 3 2 1 6 5 6 6 6 5 4 6 5 4 5 4 5 3 2 3 2 2 1 6 5 6 7 7 6 5 6 5 5 4 4 4 1 1 0 2 6 5 4 5 5 4 3 3 3 4 1 7 8 7 6 5 6 4 4 2 3 5 5 4 4 4 2 2 7 6 4 3 4 3 3 6 7 6 7 7 7 7 6 5 4 4 5 4 4 4 4 2 1 3 5 8 6 5 5 5 5 4 3 3 3 2 3 6 6 7 7 5 6 7 6 4 3 4 3 3 7 6 6 6 6 5 6 5 5 3 2 
108       5 7 5 4 5 5 4 6 6 6 6 5 3 4 4 5 5 7 7 6 6 5 4 4 5 5 5 4 4 4 7 6 5 5 5 6 5 5 4 4 3 3 7 6 5 4 5 6 5 6 4 3 4 4 3 3 6 5 6 6 5 5 5 5 4 4 3 4 3 3 3 2 6 5 6 6 6 5 4 5 5 4 3 4 4 2 2 2 2 2 2 6 5 6 7 7 6 5 6 4 3 2 3 2 1 2 2 0 6 5 4 5 3 2 1 1 1 2 1 7 8 7 6 5 4 2 2 2 2 4 3 3 3 3 1 2 7 6 4 3 3 2 2 6 7 6 7 7 7 7 6 5 4 4 4 3 2 3 4 3 2 3 5 7 6 5 5 5 4 3 4 3 4 3 4 6 6 6 6 5 5 5 6 4 3 4 3 3 6 5 5 4 4 3 4 5 5 4 3 
109       4 6 5 5 7 7 8 5 5 5 6 5 4 5 6 7 7 6 6 5 5 5 4 5 6 6 6 6 6 8 5 5 4 4 5 6 5 5 5 5 5 7 5 4 4 3 4 5 5 6 4 4 6 6 5 7 4 3 4 4 3 4 4 5 4 4 3 4 5 6 5 6 5 4 4 3 2 2 3 3 4 4 5 4 5 5 6 5 4 6 6 5 4 3 3 1 1 2 2 3 4 4 5 6 5 6 6 6 0 1 2 3 4 4 5 6 6 6 7 4 4 3 2 1 4 4 5 4 6 2 3 4 4 6 5 6 3 2 3 3 5 5 5 3 4 4 4 3 3 3 4 3 2 3 4 4 4 5 5 5 5 7 3 4 3 3 3 4 4 4 6 5 6 6 7 4 4 5 4 3 4 5 4 3 3 4 4 5 5 4 4 5 4 5 5 4 4 5 5 
110       4 6 4 4 6 6 7 5 5 5 5 4 3 4 5 6 6 6 6 5 5 4 3 4 5 5 5 5 5 7 6 5 4 4 4 5 4 4 4 4 4 6 6 5 4 3 4 4 4 5 3 3 5 5 4 6 5 4 5 5 4 3 3 4 3 3 2 3 4 5 4 5 5 4 5 4 3 3 2 2 3 3 4 3 4 4 5 4 3 5 5 4 3 4 4 2 2 1 1 2 3 3 4 5 4 5 5 5 1 0 1 2 3 4 4 5 5 6 6 4 5 4 3 2 3 4 4 4 6 3 4 4 4 5 5 6 4 3 3 3 5 5 5 3 4 3 4 4 4 4 4 3 2 3 4 4 4 5 5 5 5 7 2 5 4 3 3 4 4 4 6 5 6 6 7 3 3 4 4 3 4 5 4 3 3 4 4 5 4 4 3 4 4 5 5 4 4 5 5 
111       3 5 3 3 5 5 6 4 4 4 4 3 2 3 4 5 5 5 5 4 4 3 2 3 4 4 4 4 4 6 5 4 3 3 3 4 3 3 3 3 3 5 5 4 3 2 3 3 3 4 2 2 4 4 3 5 4 3 4 4 3 2 2 3 2 2 1 2 3 4 3 4 4 3 4 3 2 2 1 2 2 2 3 2 3 3 4 3 2 4 4 3 2 3 3 3 3 2 2 1 2 2 3 4 3 4 4 4 2 1 0 1 2 3 3 4 4 5 5 3 4 3 2 1 2 3 3 3 5 2 3 3 3 4 4 5 3 2 2 2 4 4 4 2 3 2 3 3 3 3 3 2 1 2 3 3 3 4 4 4 4 6 1 4 3 2 2 3 3 3 5 4 5 5 6 2 2 3 3 2 3 4 3 2 2 3 3 4 3 3 2 3 3 4 4 3 3 4 4 
112       4 5 4 4 6 6 7 5 5 4 5 4 3 4 5 6 6 6 6 5 5 4 3 4 5 5 5 5 5 7 6 5 4 3 4 5 4 4 4 4 4 6 6 5 4 3 4 3 4 5 3 3 5 5 4 6 5 4 5 5 4 3 2 3 3 3 2 3 4 5 4 5 5 4 5 4 3 3 2 2 2 2 3 3 4 4 5 4 3 5 5 4 3 4 4 4 3 2 1 1 2 3 4 5 4 5 5 5 3 2 1 0 2 3 4 5 5 6 6 4 5 4 3 2 1 4 4 4 6 3 2 4 4 5 5 6 4 3 3 3 5 5 5 3 4 3 4 4 4 4 4 3 2 3 4 4 4 5 5 5 5 7 2 5 4 3 3 4 4 4 6 5 6 6 7 3 3 4 4 3 4 5 4 3 3 4 4 5 4 4 3 4 4 5 5 4 4 5 5 
113       5 5 5 5 7 7 7 6 6 4 5 5 4 5 6 7 7 7 7 6 5 4 4 5 6 6 6 6 6 7 7 6 5 3 4 5 5 5 5 5 5 6 7 6 5 4 4 3 4 5 4 4 6 6 5 6 6 5 6 6 5 4 2 3 3 3 3 4 5 6 5 5 6 5 6 5 4 4 3 2 2 2 3 4 5 4 5 5 4 5 5 5 4 5 5 5 5 4 3 1 2 3 4 5 4 5 5 3 4 3 2 2 0 1 2 4 4 5 4 5 6 5 4 3 1 2 3 4 5 3 2 2 4 4 4 5 5 4 4 3 5 4 5 4 5 4 5 5 5 5 5 4 3 4 5 4 3 4 5 5 5 6 3 6 5 4 4 5 5 4 6 5 6 6 7 4 4 5 5 4 5 6 5 4 4 5 5 5 5 5 4 5 5 4 5 5 5 6 5 
114       6 6 5 5 7 6 6 7 7 5 5 5 4 5 6 6 6 8 8 7 6 4 4 5 6 6 6 6 5 6 7 7 6 4 4 5 5 5 5 5 5 5 7 6 6 5 5 4 4 5 4 4 5 5 4 5 6 5 6 6 6 5 3 4 3 3 3 4 4 5 4 4 7 6 6 5 4 5 4 3 3 2 2 4 4 3 4 4 3 4 4 6 5 5 5 5 5 5 4 2 1 2 3 4 3 4 4 2 4 4 3 3 1 0 1 3 3 4 3 6 6 5 4 3 2 1 2 3 4 2 1 1 3 3 3 4 5 4 3 2 4 3 4 5 6 5 6 5 5 5 5 4 3 3 4 3 2 3 4 4 4 5 4 6 5 4 4 5 4 3 5 4 5 5 6 5 5 6 6 4 5 5 5 4 3 4 4 4 6 5 5 4 4 3 4 5 5 5 4 
115       5 7 4 4 6 6 5 6 6 6 5 4 3 4 5 6 6 7 7 6 6 4 3 4 5 5 5 5 5 5 7 6 5 5 4 5 4 4 4 4 4 4 7 6 5 4 5 5 4 5 3 3 4 5 4 4 6 5 6 6 5 4 4 4 3 3 2 3 3 4 4 3 6 5 6 6 5 4 3 4 4 3 2 3 3 2 3 3 3 3 3 5 4 5 6 6 5 4 5 3 2 1 2 3 2 3 3 1 5 4 3 4 2 1 0 2 2 3 2 6 7 6 5 4 3 1 1 3 3 3 2 2 2 2 2 3 6 5 3 2 3 2 3 5 6 5 6 6 6 6 5 4 3 3 3 2 1 2 3 4 3 4 4 6 5 4 4 4 3 2 5 4 5 4 5 5 5 5 5 4 4 4 5 3 2 3 3 4 5 4 4 3 3 2 3 4 4 4 4 
116       5 7 5 4 5 5 5 6 6 6 6 5 3 4 4 5 5 7 7 6 6 5 4 4 4 4 4 4 4 5 7 6 5 5 5 6 5 4 3 3 3 4 7 6 5 4 5 6 5 5 3 2 3 4 4 4 6 5 6 6 5 5 5 5 4 4 3 3 2 3 4 3 6 5 6 6 6 5 4 6 5 4 3 4 3 1 2 2 3 3 3 6 5 6 7 7 6 5 6 5 4 2 2 1 2 3 3 1 6 5 4 5 4 3 2 0 1 1 2 7 8 7 6 5 5 2 1 2 2 5 4 4 2 2 2 3 7 6 4 3 2 1 2 6 7 6 7 7 7 7 6 5 4 4 4 3 2 2 3 3 3 4 5 7 6 5 5 5 4 3 4 3 4 4 5 6 6 6 6 5 5 5 6 4 3 4 3 3 6 5 5 4 4 3 4 5 5 4 3 
117       5 7 5 4 5 5 5 6 6 6 6 5 3 4 4 5 5 7 7 6 6 5 4 4 5 5 5 4 4 5 7 6 5 5 5 6 5 5 4 4 3 4 7 6 5 4 5 6 5 6 4 3 4 4 3 4 6 5 6 6 5 5 5 5 4 4 3 4 3 3 3 3 6 5 6 6 6 5 4 6 5 4 4 4 4 2 2 1 2 3 3 6 5 6 7 7 6 5 6 5 4 3 3 2 2 3 3 1 6 5 4 5 4 3 2 1 0 2 2 7 8 7 6 5 5 3 2 3 1 5 4 4 3 3 2 3 7 6 4 3 3 2 2 6 7 6 7 7 7 7 6 5 4 4 5 4 3 3 4 3 3 4 5 8 6 5 5 6 5 4 5 4 4 4 5 6 6 7 7 5 6 6 6 5 4 5 4 4 7 6 6 5 5 4 5 6 6 5 4 
118       6 8 6 5 6 6 6 7 7 7 7 6 4 5 5 6 6 8 8 7 7 6 5 5 5 5 5 5 5 6 8 7 6 6 6 7 6 5 4 4 4 5 8 7 6 5 6 7 6 6 4 3 4 5 4 5 7 6 7 7 6 6 6 6 5 5 4 4 3 4 4 4 7 6 7 7 6 6 5 6 5 4 4 5 4 2 3 3 3 4 4 7 6 7 7 7 7 6 7 5 5 3 3 2 3 4 4 2 6 6 5 6 5 4 3 1 2 0 3 7 8 7 6 5 6 3 2 2 1 5 5 4 3 1 2 3 7 6 4 3 2 1 2 6 7 6 7 7 7 7 6 5 4 4 4 3 2 2 3 3 3 4 5 7 6 5 5 5 4 3 4 3 4 4 5 6 6 6 6 5 5 5 6 4 3 4 3 3 6 5 5 4 4 3 4 5 5 4 3 
119       6 8 6 5 6 5 4 7 7 7 7 6 4 5 5 5 5 8 8 7 7 6 5 5 6 6 6 5 4 4 8 7 6 6 6 7 6 6 5 5 4 3 8 7 6 5 6 7 6 7 5 4 5 5 4 3 7 6 7 7 6 6 6 6 5 5 4 5 4 4 3 2 7 6 7 7 7 6 5 6 6 5 4 5 5 3 3 3 3 3 2 7 6 7 8 8 7 6 7 5 4 3 4 3 2 2 1 1 7 6 5 6 4 3 2 2 2 3 0 8 9 8 7 6 5 3 3 3 3 5 4 4 4 4 2 1 8 7 5 4 4 3 3 7 8 7 8 8 8 8 7 6 5 5 5 4 3 4 5 3 2 2 6 8 7 6 6 6 5 4 4 4 4 3 3 7 7 7 7 6 6 6 7 5 4 5 4 4 7 6 6 5 5 4 5 6 6 4 3 
120       6 8 6 6 8 8 9 7 7 7 7 6 5 6 7 8 8 8 8 7 7 6 5 6 7 7 7 7 7 9 7 7 6 6 6 7 6 6 6 6 6 8 7 6 6 5 6 6 6 7 5 5 7 7 6 8 6 5 6 6 6 5 5 6 5 5 4 5 6 7 6 7 6 5 5 5 4 5 4 5 5 5 6 5 6 6 7 6 5 7 7 6 5 4 3 5 5 5 5 4 5 5 6 7 6 7 7 7 4 4 3 4 5 6 6 7 7 7 8 0 1 2 2 3 5 5 6 5 7 4 5 5 5 7 6 7 3 4 4 4 6 6 6 1 2 3 4 3 3 4 4 4 3 4 5 5 5 6 6 6 6 8 2 4 3 4 4 5 5 5 7 6 7 7 8 3 2 4 4 4 5 6 5 4 4 5 5 6 4 4 3 4 5 5 6 5 5 6 6 
121       5 8 7 7 9 9 10 6 6 7 8 7 6 7 8 9 9 7 7 7 7 7 6 7 8 8 8 8 8 10 6 6 6 6 7 8 7 7 7 7 7 9 6 5 5 5 6 7 7 8 6 6 8 8 7 9 5 4 5 5 5 6 6 7 6 6 5 6 7 8 7 8 5 4 4 4 3 4 5 6 6 6 7 6 7 7 8 7 6 8 8 5 4 3 2 4 5 6 6 5 6 6 7 8 7 8 8 8 4 5 4 5 6 6 7 8 8 8 9 1 0 1 2 3 6 6 7 6 8 4 5 6 6 8 7 8 3 4 5 5 7 7 7 2 1 2 3 3 3 4 4 5 4 5 6 6 6 7 7 7 7 9 3 4 3 5 5 6 6 6 8 7 8 8 9 4 3 5 4 4 5 6 6 5 5 6 6 7 5 5 4 5 5 6 7 6 6 7 7 
122       4 7 6 6 8 8 9 5 5 6 7 6 5 6 7 8 8 6 6 6 6 6 5 6 7 7 7 7 7 9 5 5 5 5 6 7 6 6 6 6 6 8 5 4 4 4 5 6 6 7 5 5 7 7 6 8 4 3 4 4 4 5 5 6 5 5 4 5 6 7 6 7 4 3 3 3 2 3 4 5 5 5 6 5 6 6 7 6 5 7 7 4 3 2 1 3 4 5 5 4 5 5 6 7 6 7 7 7 3 4 3 4 5 5 6 7 7 7 8 2 1 0 1 2 5 5 6 5 7 3 4 5 5 7 6 7 2 3 4 4 6 6 6 1 2 1 2 2 2 3 3 4 3 4 5 5 5 6 6 6 6 8 2 3 2 4 4 5 5 5 7 6 7 7 8 3 2 4 3 3 4 5 5 4 4 5 5 6 4 4 3 4 4 5 6 5 5 6 6 
123       4 7 5 5 7 7 8 5 5 6 6 5 4 5 6 7 7 6 6 6 6 5 4 5 6 6 6 6 6 8 5 5 5 5 5 6 5 5 5 5 5 7 5 4 4 4 5 5 5 6 4 4 6 6 5 7 4 3 4 4 4 4 4 5 4 4 3 4 5 6 5 6 5 4 4 3 2 3 3 4 4 4 5 4 5 5 6 5 4 6 6 5 4 3 2 3 3 4 4 3 4 4 5 6 5 6 6 6 2 3 2 3 4 4 5 6 6 6 7 2 2 1 0 1 4 4 5 4 6 2 3 4 4 6 5 6 1 2 3 3 5 5 5 1 2 2 2 1 1 2 2 3 2 3 4 4 4 5 5 5 5 7 2 2 1 3 3 4 4 4 6 5 6 6 7 3 2 3 2 2 3 4 4 3 3 4 4 5 4 3 2 3 3 4 5 4 4 5 5 
124       3 6 4 4 6 6 7 4 4 5 5 4 3 4 5 6 6 5 5 5 5 4 3 4 5 5 5 5 5 7 4 4 4 4 4 5 4 4 4 4 4 6 4 3 3 3 4 4 4 5 3 3 5 5 4 6 3 2 3 3 3 3 3 4 3 3 2 3 4 5 4 5 4 3 3 2 1 2 2 3 3 3 4 3 4 4 5 4 3 5 5 4 3 2 2 2 2 3 3 2 3 3 4 5 4 5 5 5 1 2 1 2 3 3 4 5 5 5 6 3 3 2 1 0 3 3 4 3 5 1 2 3 3 5 4 5 2 1 2 2 4 4 4 2 3 3 3 2 2 2 3 2 1 2 3 3 3 4 4 4 4 6 2 3 2 2 2 3 3 3 5 4 5 5 6 3 3 4 3 2 3 4 3 2 2 3 3 4 4 3 3 4 3 4 4 3 3 4 4 
125       5 6 5 5 7 7 8 6 6 5 6 5 4 5 6 7 7 7 7 6 6 5 4 5 6 6 6 6 6 8 7 6 5 4 5 6 5 5 5 5 5 7 7 6 5 4 5 4 5 6 4 4 6 6 5 7 6 5 6 6 5 4 3 4 4 4 3 4 5 6 5 6 6 5 6 5 4 4 3 3 3 3 4 4 5 5 6 5 4 6 6 5 4 5 5 5 4 3 2 2 3 4 5 6 5 6 6 4 4 3 2 1 1 2 3 5 5 6 5 5 6 5 4 3 0 3 4 5 6 2 1 3 5 5 5 6 5 4 3 4 6 5 6 4 5 4 5 5 5 5 5 4 3 4 5 5 4 5 6 6 6 7 3 6 5 4 4 5 5 5 7 6 7 7 8 4 4 5 5 4 5 6 5 4 4 5 5 6 5 5 4 5 5 5 6 5 5 6 6 
126       5 7 5 4 6 5 6 6 6 6 5 5 3 4 5 5 5 7 7 6 6 4 4 4 5 6 6 6 4 6 7 6 5 5 4 5 5 5 5 5 5 5 7 6 5 4 5 5 4 5 4 4 5 4 3 5 6 5 6 6 5 5 4 4 3 3 3 4 4 4 3 4 6 5 6 5 4 5 4 4 3 2 3 4 4 3 4 3 2 4 4 6 5 5 5 5 5 5 5 3 2 2 3 3 3 4 4 2 4 4 3 4 2 1 1 2 3 3 3 5 6 5 4 3 3 0 1 2 4 3 2 2 2 2 3 4 5 4 2 1 3 3 3 4 5 4 5 5 5 5 4 3 2 2 3 2 2 3 4 3 3 5 3 6 4 3 3 4 3 3 4 3 4 4 5 4 4 5 5 3 4 5 4 3 3 4 3 3 5 4 4 4 4 3 4 4 4 4 3 
127       5 7 4 4 6 6 6 6 6 6 5 4 3 4 5 6 6 7 7 6 6 4 3 4 5 5 5 5 5 6 7 6 5 5 4 5 4 4 4 4 4 5 7 6 5 4 5 5 4 5 3 3 4 5 4 5 6 5 6 6 5 4 4 4 3 3 2 3 3 4 4 4 6 5 6 6 5 4 3 5 4 3 2 3 3 2 3 3 3 4 4 5 4 5 6 6 5 4 5 4 3 1 2 2 3 4 4 2 5 4 3 4 3 2 1 1 2 2 3 6 7 6 5 4 4 1 0 3 3 4 3 3 1 1 3 4 6 5 3 2 2 2 3 5 6 5 6 6 6 6 5 4 3 3 4 3 2 3 4 4 4 5 4 7 5 4 4 5 4 3 5 4 5 5 6 5 5 6 6 4 5 5 5 4 3 4 4 4 6 5 5 4 4 3 4 5 5 5 4 
128       4 6 4 3 5 4 5 5 5 5 5 4 2 3 4 4 4 6 6 5 5 4 3 3 4 5 5 5 3 5 6 5 4 4 4 5 4 4 4 4 4 4 6 5 4 3 4 5 4 5 3 3 4 3 2 4 5 4 5 5 4 4 4 4 3 3 2 3 4 3 2 3 5 4 5 5 4 4 3 4 3 2 4 3 4 3 3 2 1 3 3 5 4 5 5 5 5 4 5 3 3 3 4 3 2 3 2 2 4 4 3 4 4 3 3 2 3 2 3 5 6 5 4 3 5 2 3 0 2 3 4 2 2 2 1 2 5 4 2 1 2 1 1 4 5 4 5 5 5 5 4 3 2 2 3 2 2 2 2 1 1 3 3 6 4 3 3 3 3 2 2 1 2 2 3 4 4 5 5 3 4 5 4 2 1 2 1 1 5 4 4 4 4 3 4 3 3 2 1 
129       6 8 6 5 6 6 6 7 7 7 7 6 4 5 5 6 6 8 8 7 7 6 5 5 6 6 6 5 5 6 8 7 6 6 6 7 6 6 5 5 4 5 8 7 6 5 6 7 6 7 5 4 5 5 4 5 7 6 7 7 6 6 6 6 5 5 4 5 4 4 4 4 7 6 7 7 6 6 5 6 5 4 5 5 5 3 3 2 3 4 4 7 6 7 7 7 7 6 7 5 5 4 4 3 3 4 3 2 6 6 5 6 5 4 3 2 1 1 3 7 8 7 6 5 6 4 3 2 0 5 5 4 3 2 1 2 7 6 4 3 2 1 1 6 7 6 7 7 7 7 6 5 4 4 4 3 2 2 3 2 2 3 5 7 6 5 5 5 4 3 4 3 3 3 4 6 6 6 6 5 5 5 6 4 3 4 3 3 6 5 5 4 4 3 4 5 5 4 3 
130       4 7 5 5 7 6 7 5 5 6 6 5 4 5 6 6 6 6 6 6 6 5 4 5 6 6 6 6 5 7 5 5 5 5 5 6 5 5 5 5 5 6 5 4 4 4 5 5 5 6 4 4 6 5 4 6 4 3 4 4 4 4 4 5 4 4 3 4 5 5 4 5 5 4 4 3 2 3 3 4 4 3 4 4 5 5 5 4 3 5 5 5 4 3 3 3 3 4 4 3 3 4 5 6 4 5 5 4 2 3 2 3 3 2 3 5 5 5 5 4 4 3 2 1 2 3 4 3 5 0 1 3 3 5 4 5 3 2 1 2 4 4 4 3 4 4 4 3 3 3 4 3 2 2 3 3 4 5 5 4 4 6 3 4 3 3 3 4 4 4 5 4 5 5 6 4 4 5 4 3 4 5 4 3 3 4 4 4 5 4 4 5 4 5 5 4 4 5 4 
131       5 7 6 6 8 7 7 6 6 6 6 6 5 6 7 7 7 7 7 7 7 5 5 6 7 7 7 7 6 7 6 6 6 5 5 6 6 6 6 6 6 6 6 5 5 5 6 5 5 6 5 5 6 6 5 6 5 4 5 5 5 5 4 5 4 4 4 5 5 6 5 5 6 5 5 4 3 4 4 4 4 3 3 5 5 4 5 5 4 5 5 6 5 4 4 4 4 4 3 3 2 3 4 5 4 5 5 3 3 4 3 2 2 1 2 4 4 5 4 5 5 4 3 2 1 2 3 4 5 1 0 2 4 4 4 5 4 3 2 3 5 4 5 4 5 5 5 4 4 4 5 4 3 3 4 4 3 4 5 5 5 6 4 5 4 4 4 5 5 4 6 5 6 6 7 5 5 6 5 4 5 6 5 4 4 5 5 5 6 5 5 5 5 4 5 5 5 6 5 
132       5 7 5 4 6 5 6 6 6 6 5 5 3 4 5 5 5 7 7 6 6 4 4 4 5 6 6 6 4 6 7 6 5 5 4 5 5 5 5 5 5 5 7 6 5 4 5 5 4 5 4 4 5 4 3 5 6 5 6 6 5 5 4 4 3 3 3 4 5 4 3 4 6 5 6 5 4 5 4 4 3 2 3 4 5 4 4 3 2 4 4 6 5 5 5 5 5 5 5 3 2 3 4 5 3 4 4 3 4 4 3 4 2 1 2 4 4 4 4 5 6 5 4 3 3 2 3 2 4 3 2 0 2 4 3 4 5 4 2 1 3 3 3 4 5 4 5 5 5 5 4 3 2 2 3 2 3 4 4 3 3 5 3 6 4 3 3 4 3 4 4 3 4 4 5 4 4 5 5 3 4 5 4 3 3 4 3 3 5 4 4 5 4 4 5 4 4 4 3 
133       5 7 5 4 6 5 6 6 6 6 5 5 3 4 5 5 5 7 7 6 6 4 4 4 5 6 6 6 4 6 7 6 5 5 4 5 5 5 5 5 5 5 7 6 5 4 5 5 4 5 4 4 5 4 3 5 6 5 6 6 5 5 4 4 3 3 3 4 4 4 3 4 6 5 6 5 4 5 4 4 3 2 3 4 4 3 4 3 2 4 4 6 5 5 5 5 5 5 5 3 3 2 3 3 3 4 4 3 4 4 3 4 4 3 2 2 3 3 4 5 6 5 4 3 5 2 1 2 3 3 4 2 0 2 3 4 5 4 2 1 1 2 3 4 5 4 5 5 5 5 4 3 2 2 3 2 1 2 3 3 3 5 3 6 4 3 3 4 3 2 4 3 4 4 5 4 4 5 5 3 4 4 4 3 2 3 3 3 5 4 4 3 3 2 3 4 4 4 3 
134       6 8 5 5 7 6 7 7 7 7 6 5 4 5 6 6 6 8 8 7 7 5 4 5 6 6 6 6 5 7 8 7 6 6 5 6 5 5 5 5 5 6 8 7 6 5 6 6 5 6 4 4 5 5 4 6 7 6 7 7 6 5 5 5 4 4 3 4 4 5 4 5 7 6 7 7 6 5 4 6 5 4 3 4 4 3 4 4 3 5 5 6 5 6 7 7 6 5 6 5 4 2 3 3 4 5 4 3 6 5 4 5 4 3 2 2 3 1 4 7 8 7 6 5 5 2 1 2 2 5 4 4 2 0 3 4 7 6 4 3 1 1 2 6 7 6 7 7 7 7 6 5 4 4 4 3 2 2 3 3 3 5 5 7 6 5 5 5 4 3 4 3 4 4 5 6 6 6 6 5 5 5 6 4 3 4 3 3 6 5 5 4 4 3 4 5 5 4 3 
135       5 7 5 4 6 5 5 6 6 6 6 5 3 4 5 5 5 7 7 6 6 5 4 4 5 6 6 5 4 5 7 6 5 5 5 6 5 5 5 5 4 4 7 6 5 4 5 6 5 6 4 4 5 4 3 4 6 5 6 6 5 5 5 5 4 4 3 4 4 4 3 3 6 5 6 6 5 5 4 5 4 3 4 4 5 3 3 3 2 3 3 6 5 6 6 6 6 5 6 4 4 3 4 3 2 3 2 1 5 5 4 5 4 3 2 2 2 2 2 6 7 6 5 4 5 3 3 1 1 4 4 3 3 3 0 1 6 5 3 2 3 2 1 5 6 5 6 6 6 6 5 4 3 3 4 3 3 3 3 2 1 2 4 7 5 4 4 4 4 3 3 2 3 2 3 5 5 6 6 4 5 6 5 3 2 3 2 2 6 5 5 5 5 4 5 4 4 3 2 
136       6 8 6 5 7 6 5 7 7 7 7 6 4 5 6 6 6 8 8 7 7 6 5 5 6 7 7 6 5 5 8 7 6 6 6 7 6 6 6 6 5 4 8 7 6 5 6 7 6 7 5 5 6 5 4 4 7 6 7 7 6 6 6 6 5 5 4 5 5 5 4 3 7 6 7 7 6 6 5 6 5 4 5 5 6 4 4 4 3 4 3 7 6 7 7 7 7 6 7 5 5 4 5 4 3 3 2 2 6 6 5 6 5 4 3 3 3 3 1 7 8 7 6 5 6 4 4 2 2 5 5 4 4 4 1 0 7 6 4 3 4 3 2 6 7 6 7 7 7 7 6 5 4 4 5 4 4 4 4 3 2 1 5 8 6 5 5 5 5 4 3 3 4 3 2 6 6 7 7 5 6 7 6 4 3 4 3 3 7 6 6 6 6 5 6 5 5 4 3 
137       5 8 6 6 8 8 9 6 6 7 7 6 5 6 7 8 8 7 7 7 7 6 5 6 7 7 7 7 7 9 6 6 6 6 6 7 6 6 6 6 6 8 6 5 5 5 6 6 6 7 5 5 7 7 6 8 5 4 5 5 5 5 5 6 5 5 4 5 6 7 6 7 6 5 5 4 3 4 4 5 5 5 6 5 6 6 7 6 5 7 7 6 5 4 3 4 4 5 5 4 5 5 6 7 6 7 7 7 3 4 3 4 5 5 6 7 7 7 8 3 3 2 1 2 5 5 6 5 7 3 4 5 5 7 6 7 0 3 4 4 6 6 6 2 3 2 1 2 2 3 3 4 3 4 5 5 5 6 6 6 6 8 3 2 2 4 4 5 5 5 7 6 7 7 8 4 3 3 3 3 4 5 5 4 4 5 5 6 4 4 3 4 4 5 6 5 5 6 6 
138       4 7 5 5 7 7 8 5 5 6 6 5 4 5 6 7 7 6 6 6 6 5 4 5 6 6 6 6 6 8 5 5 5 5 5 6 5 5 5 5 5 7 5 4 4 4 5 5 5 6 4 4 6 6 5 7 4 3 4 4 4 4 4 5 4 4 3 4 5 6 5 6 5 4 4 3 2 3 3 4 4 4 5 4 5 5 6 5 4 6 6 5 4 3 3 3 3 4 4 3 4 4 5 6 5 6 6 6 2 3 2 3 4 4 5 6 6 6 7 4 4 3 2 1 4 4 5 4 6 2 3 4 4 6 5 6 3 0 3 3 5 5 5 3 4 4 4 3 2 1 2 1 2 3 4 4 4 5 5 5 5 7 3 4 3 3 3 4 4 4 6 5 6 6 7 4 4 5 4 3 4 5 4 3 3 4 4 5 5 4 4 5 4 5 5 4 4 5 5 
139       5 7 5 4 6 5 6 6 6 6 5 5 3 4 5 5 5 7 7 6 6 4 4 4 5 6 6 6 4 6 6 6 5 5 4 5 5 5 5 5 5 5 6 5 5 4 5 5 4 5 4 4 5 4 3 5 5 4 5 5 5 4 4 4 3 3 3 4 5 4 3 4 6 5 5 4 3 4 3 4 3 2 4 4 5 5 4 3 2 4 4 5 4 4 4 4 4 4 4 3 3 4 5 5 3 4 4 4 3 3 2 3 4 3 3 4 4 4 5 4 5 4 3 2 3 2 3 2 4 1 2 2 2 4 3 4 4 3 0 1 3 3 3 3 4 3 4 4 4 4 3 2 1 1 2 2 3 4 4 3 3 5 2 5 3 2 2 3 3 3 4 3 4 4 5 3 3 4 4 2 3 4 3 2 2 3 3 3 4 3 3 4 3 4 4 3 3 4 3 
140       4 6 4 3 5 4 5 5 5 5 4 4 2 3 4 4 4 6 6 5 5 3 3 3 4 5 5 5 3 5 6 5 4 4 3 4 4 4 4 4 4 4 6 5 4 3 4 4 3 4 3 3 4 3 2 4 5 4 5 5 4 4 3 3 2 2 2 3 4 3 2 3 5 4 5 4 3 4 3 3 2 1 3 3 4 4 3 2 1 3 3 5 4 4 4 4 4 4 4 2 2 3 4 4 2 3 3 3 3 3 2 3 3 2 2 3 3 3 4 4 5 4 3 2 4 1 2 1 3 2 3 1 1 3 2 3 4 3 1 0 2 2 2 3 4 3 4 4 4 4 3 2 1 1 2 1 2 3 3 2 2 4 2 5 3 2 2 3 2 3 3 2 3 3 4 3 3 4 4 2 3 4 3 2 2 3 2 2 4 3 3 4 3 3 4 3 3 3 2 
141       6 8 6 5 7 6 7 7 7 7 6 6 4 5 6 6 6 8 8 7 7 5 5 5 6 6 6 6 5 7 8 7 6 6 5 6 6 6 5 5 5 6 8 7 6 5 6 6 5 6 5 4 5 5 4 6 7 6 7 7 6 6 5 5 4 4 4 5 4 5 4 5 7 6 7 6 5 6 5 5 4 3 4 5 5 3 4 4 3 5 5 7 6 6 6 6 6 6 6 4 4 3 4 3 4 5 4 3 5 5 4 5 5 4 3 2 3 2 4 6 7 6 5 4 6 3 2 2 2 4 5 3 1 1 3 4 6 5 3 2 0 1 2 5 6 5 6 6 6 6 5 4 3 3 4 3 2 1 2 3 3 5 4 7 5 4 4 5 4 3 4 3 4 4 5 5 5 6 6 4 5 5 5 4 3 3 3 3 6 5 5 4 4 3 4 5 5 3 3 
142       5 7 5 4 6 5 6 6 6 6 6 5 3 4 5 5 5 7 7 6 6 5 4 4 5 5 5 5 4 6 7 6 5 5 5 6 5 5 4 4 4 5 7 6 5 4 5 6 5 6 4 3 4 4 3 5 6 5 6 6 5 5 5 5 4 4 3 4 3 4 3 4 6 5 6 6 5 5 4 5 4 3 4 4 4 2 3 3 2 4 4 6 5 6 6 6 6 5 6 4 4 3 3 2 3 4 3 2 5 5 4 5 4 3 2 1 2 1 3 6 7 6 5 4 5 3 2 1 1 4 4 3 2 1 2 3 6 5 3 2 1 0 1 5 6 5 6 6 6 6 5 4 3 3 3 2 1 1 2 2 2 4 4 6 5 4 4 4 3 2 3 2 3 3 4 5 5 5 5 4 4 4 5 3 2 3 2 2 5 4 4 3 3 2 3 4 4 3 2 
143       5 7 5 4 6 5 6 6 6 6 6 5 3 4 5 5 5 7 7 6 6 5 4 4 5 6 6 6 4 6 7 6 5 5 5 6 5 5 5 5 5 5 7 6 5 4 5 6 5 6 4 4 5 4 3 5 6 5 6 6 5 5 5 5 4 4 3 4 4 4 3 4 6 5 6 6 5 5 4 5 4 3 5 4 5 3 4 3 2 4 4 6 5 6 6 6 6 5 6 4 4 4 4 3 3 4 3 2 5 5 4 5 5 4 3 2 2 2 3 6 7 6 5 4 6 3 3 1 1 4 5 3 3 2 1 2 6 5 3 2 2 1 0 5 6 5 6 6 6 6 5 4 3 3 4 3 2 2 3 1 2 3 4 7 5 4 4 4 4 3 3 2 2 3 4 5 5 6 6 4 5 5 5 3 2 3 2 2 6 5 5 4 4 3 4 4 4 3 2 
144       5 7 5 5 7 7 8 6 6 6 6 5 4 5 6 7 7 7 7 6 6 5 4 5 6 6 6 6 6 8 6 6 5 5 5 6 5 5 5 5 5 7 6 5 5 4 5 5 5 6 4 4 6 6 5 7 5 4 5 5 5 4 4 5 4 4 3 4 5 6 5 6 5 4 4 4 3 4 3 4 4 4 5 4 5 5 6 5 4 6 6 5 4 3 2 4 4 4 4 3 4 4 5 6 5 6 6 6 3 3 2 3 4 5 5 6 6 6 7 1 2 1 1 2 4 4 5 4 6 3 4 4 4 6 5 6 2 3 3 3 5 5 5 0 1 2 3 2 2 3 3 3 2 3 4 4 4 5 5 5 5 7 1 3 2 3 3 4 4 4 6 5 6 6 7 2 1 3 3 3 4 5 4 3 3 4 4 5 3 3 2 3 4 4 5 4 4 5 5 
145       6 8 6 6 8 8 9 7 7 7 7 6 5 6 7 8 8 8 8 7 7 6 5 6 7 7 7 7 7 9 7 7 6 6 6 7 6 6 6 6 6 8 7 6 6 5 6 6 6 7 5 5 7 7 6 8 6 5 6 6 6 5 5 6 5 5 4 5 6 7 6 7 6 5 5 5 4 5 4 5 5 5 6 5 6 6 7 6 5 7 7 6 5 4 3 5 5 5 5 4 5 5 6 7 6 7 7 7 4 4 3 4 5 6 6 7 7 7 8 2 1 2 2 3 5 5 6 5 7 4 5 5 5 7 6 7 3 4 4 4 6 6 6 1 0 1 2 3 3 4 4 4 3 4 5 5 5 6 6 6 6 8 2 3 3 4 4 5 5 5 7 6 7 7 8 3 2 4 4 4 5 6 5 4 4 5 5 6 4 4 3 4 5 5 6 5 5 6 6 
146       5 7 5 5 7 7 8 6 6 6 6 5 4 5 6 7 7 7 7 6 6 5 4 5 6 6 6 6 6 8 6 6 5 5 5 6 5 5 5 5 5 7 6 5 5 4 5 5 5 6 4 4 6 6 5 7 5 4 5 5 5 4 4 5 4 4 3 4 5 6 5 6 5 4 4 4 3 4 3 4 4 4 5 4 5 5 6 5 4 6 6 5 4 3 2 4 5 4 4 3 4 4 5 6 5 6 6 6 4 3 2 3 4 5 5 6 6 6 7 3 2 1 2 3 4 4 5 4 6 4 5 4 4 6 5 6 2 4 3 3 5 5 5 2 1 0 1 3 3 4 4 3 2 3 4 4 4 5 5 5 5 7 1 2 3 3 3 4 4 4 6 5 6 6 7 2 2 3 3 3 4 5 4 3 3 4 4 5 3 3 2 3 4 4 5 4 4 5 5 
147       6 8 6 6 8 8 9 7 7 7 7 6 5 6 7 8 8 8 8 7 7 6 5 6 7 7 7 7 7 9 7 7 6 6 6 7 6 6 6 6 6 8 7 6 6 5 6 6 6 7 5 5 7 7 6 8 6 5 6 6 6 5 5 6 5 5 4 5 6 7 6 7 6 5 5 5 4 5 4 5 5 5 6 5 6 6 7 6 5 7 7 6 5 4 3 5 5 5 5 4 5 5 6 7 6 7 7 7 4 4 3 4 5 6 6 7 7 7 8 4 3 2 2 3 5 5 6 5 7 4 5 5 5 7 6 7 1 4 4 4 6 6 6 3 2 1 0 2 3 4 4 4 3 4 5 5 5 6 6 6 6 8 2 1 3 4 4 5 5 5 7 6 7 7 8 3 3 2 2 4 5 6 5 4 4 5 5 6 3 4 3 4 5 5 6 5 5 6 6 
148       5 8 6 6 8 8 9 6 6 7 7 6 5 6 7 8 8 7 7 7 7 6 5 6 7 7 7 7 7 9 6 6 6 6 6 7 6 6 6 6 6 8 6 5 5 5 6 6 6 7 5 5 7 7 6 8 5 4 5 5 5 5 5 6 5 5 4 5 6 7 6 7 6 5 5 4 3 4 4 5 5 5 6 5 6 6 7 6 5 7 7 6 5 4 3 4 4 5 5 4 5 5 6 7 6 7 7 7 3 4 3 4 5 5 6 7 7 7 8 3 3 2 1 2 5 5 6 5 7 3 4 5 5 7 6 7 2 3 4 4 6 6 6 2 3 3 2 0 1 2 3 4 3 4 5 5 5 6 6 6 6 8 3 1 2 4 4 5 5 5 7 6 7 7 8 4 3 2 2 3 4 5 5 4 4 5 5 6 3 4 3 4 4 5 6 5 5 6 6 
149       5 8 6 6 8 8 9 6 6 7 7 6 5 6 7 8 8 7 7 7 7 6 5 6 7 7 7 7 7 9 6 6 6 6 6 7 6 6 6 6 6 8 6 5 5 5 6 6 6 7 5 5 7 7 6 8 5 4 5 5 5 5 5 6 5 5 4 5 6 7 6 7 6 5 5 4 3 4 4 5 5 5 6 5 6 6 7 6 5 7 7 6 5 4 3 4 4 5 5 4 5 5 6 7 6 7 7 7 3 4 3 4 5 5 6 7 7 7 8 3 3 2 1 2 5 5 6 5 7 3 4 5 5 7 6 7 2 2 4 4 6 6 6 2 3 3 3 1 0 1 2 3 3 4 5 4 5 6 6 6 6 8 3 2 1 3 4 4 4 5 7 6 7 7 8 4 3 3 2 2 3 4 4 3 4 5 5 6 4 3 2 3 3 4 5 4 4 6 6 
150       5 8 6 6 8 8 9 6 6 7 7 6 5 6 7 8 8 7 7 7 7 6 5 6 7 7 7 7 7 9 6 6 6 6 6 7 6 6 6 6 6 8 6 5 5 5 6 6 6 7 5 5 7 7 6 8 5 4 5 5 5 5 5 6 5 5 4 5 6 7 6 7 6 5 5 4 3 4 4 5 5 5 6 5 6 6 7 6 5 7 7 6 5 4 4 4 4 5 5 4 5 5 6 7 6 7 7 7 3 4 3 4 5 5 6 7 7 7 8 4 4 3 2 2 5 5 6 5 7 3 4 5 5 7 6 7 3 1 4 4 6 6 6 3 4 4 4 2 1 0 1 2 3 4 5 5 5 6 6 6 6 8 4 3 2 2 4 5 5 5 7 6 7 7 8 5 4 4 3 3 3 4 3 4 4 5 5 6 5 4 3 4 4 5 5 4 5 6 6 
151       6 8 6 6 8 7 8 7 7 7 7 6 5 6 7 7 7 8 8 7 7 6 5 6 7 7 7 7 6 8 7 7 6 6 6 7 6 6 6 6 6 7 7 6 6 5 6 6 6 7 5 5 7 6 5 7 6 5 6 6 6 5 5 6 5 5 4 5 6 6 5 6 7 6 6 5 4 5 4 5 5 4 6 5 6 6 6 5 4 6 6 6 5 5 4 5 5 5 5 4 5 5 6 7 5 6 6 6 4 4 3 4 5 5 5 6 6 6 7 4 4 3 2 3 5 4 5 4 6 4 5 4 4 6 5 6 3 2 3 3 5 5 5 3 4 4 4 3 2 1 0 1 2 3 4 4 4 5 5 5 5 7 3 3 1 1 3 4 4 4 6 5 6 6 7 4 4 3 2 2 2 3 2 3 3 4 4 5 4 3 2 3 3 4 4 3 4 5 5 
152       5 7 5 5 7 6 7 6 6 6 6 5 4 5 6 6 6 7 7 6 6 5 4 5 6 6 6 6 5 7 6 6 5 5 5 6 5 5 5 5 5 6 6 5 5 4 5 5 5 6 4 4 6 5 4 6 5 4 5 5 5 4 4 5 4 4 3 4 5 5 4 5 6 5 5 4 3 4 3 4 4 3 5 4 5 5 5 4 3 5 5 5 4 4 4 4 4 4 4 3 4 4 5 6 4 5 5 5 3 3 2 3 4 4 4 5 5 5 6 4 5 4 3 2 4 3 4 3 5 3 4 3 3 5 4 5 4 1 2 2 4 4 4 3 4 3 4 4 3 2 1 0 1 2 3 3 3 4 4 4 4 6 2 4 2 2 2 3 3 3 5 4 5 5 6 3 3 4 3 2 3 4 3 2 2 3 3 4 4 3 3 4 3 4 4 3 3 4 4 
153       4 6 4 4 6 5 6 5 5 5 5 4 3 4 5 5 5 6 6 5 5 4 3 4 5 5 5 5 4 6 5 5 4 4 4 5 4 4 4 4 4 5 5 4 4 3 4 4 4 5 3 3 5 4 3 5 4 3 4 4 4 3 3 4 3 3 2 3 4 4 3 4 5 4 4 3 2 3 2 3 3 2 4 3 4 4 4 3 2 4 4 4 3 3 3 3 3 3 3 2 3 3 4 5 3 4 4 4 2 2 1 2 3 3 3 4 4 4 5 3 4 3 2 1 3 2 3 2 4 2 3 2 2 4 3 4 3 2 1 1 3 3 3 2 3 2 3 3 3 3 2 1 0 1 2 2 2 3 3 3 3 5 1 4 2 1 1 2 2 2 4 3 4 4 5 2 2 3 3 1 2 3 2 1 1 2 2 3 3 2 2 3 2 3 3 2 2 3 3 
154       5 7 5 4 6 5 6 6 6 6 5 5 3 4 5 5 5 7 7 6 6 4 4 4 5 6 6 6 4 6 6 6 5 5 4 5 5 5 5 5 5 5 6 5 5 4 5 5 4 5 4 4 5 4 3 5 5 4 5 5 5 4 4 4 3 3 3 4 5 4 3 4 6 5 5 4 3 4 3 4 3 2 4 4 5 5 4 3 2 4 4 5 4 4 4 4 4 4 4 3 3 4 5 5 3 4 4 4 3 3 2 3 4 3 3 4 4 4 5 4 5 4 3 2 4 2 3 2 4 2 3 2 2 4 3 4 4 3 1 1 3 3 3 3 4 3 4 4 4 4 3 2 1 0 1 1 2 3 4 3 3 5 2 5 3 2 2 2 2 3 4 3 4 4 5 3 3 4 4 2 3 4 3 2 2 3 3 3 4 3 3 4 3 3 4 3 3 4 3 
155       6 8 6 5 7 6 7 7 7 7 6 6 4 5 6 6 6 8 8 7 7 5 5 5 6 7 7 7 5 7 7 7 6 6 5 6 6 6 6 6 6 6 7 6 6 5 6 6 5 6 5 5 6 5 4 6 6 5 6 6 6 5 5 5 4 4 4 5 6 5 4 5 7 6 6 5 4 5 4 5 4 3 5 5 6 5 5 4 3 5 5 6 5 5 5 5 5 5 5 4 4 4 5 5 4 5 5 4 4 4 3 4 5 4 3 4 5 4 5 5 6 5 4 3 5 3 4 3 4 3 4 3 3 4 4 5 5 4 2 2 4 3 4 4 5 4 5 5 5 5 4 3 2 1 0 1 2 3 4 4 4 6 3 6 4 3 1 1 2 3 5 4 5 5 6 4 4 5 5 3 4 3 2 2 3 4 4 4 5 4 4 4 4 3 4 3 3 5 4 
156       5 7 5 4 6 5 6 6 6 6 5 5 3 4 5 5 5 7 7 6 6 4 4 4 5 6 6 6 4 6 7 6 5 5 4 5 5 5 5 5 5 5 7 6 5 4 5 5 4 5 4 4 5 4 3 5 6 5 6 6 5 5 4 4 3 3 3 4 5 4 3 4 6 5 6 5 4 5 4 4 3 2 4 4 5 4 4 3 2 4 4 6 5 5 5 5 5 5 5 3 3 3 4 4 3 4 4 3 4 4 3 4 4 3 2 3 4 3 4 5 6 5 4 3 5 2 3 2 3 3 4 2 2 3 3 4 5 4 2 1 3 2 3 4 5 4 5 5 4 5 4 3 2 1 1 0 1 2 3 3 3 5 3 5 3 3 2 2 1 2 4 3 4 4 5 4 4 5 4 2 3 4 3 1 2 3 3 3 4 3 4 3 3 2 3 2 2 4 3 
157       6 8 5 5 7 6 6 7 7 7 6 5 4 5 6 6 6 8 8 7 7 5 4 5 6 6 6 6 5 6 7 7 6 6 5 6 5 5 5 5 5 5 7 6 6 5 6 6 5 6 4 4 5 5 4 5 6 5 6 6 6 5 5 5 4 4 3 4 4 5 4 4 7 6 6 5 4 5 4 5 4 3 3 4 4 3 4 4 3 4 4 6 5 5 5 5 5 5 5 4 3 2 3 3 3 4 4 2 4 4 3 4 3 2 1 2 3 2 3 5 6 5 4 3 4 2 2 2 2 4 3 3 1 2 3 4 5 4 3 2 2 1 2 4 5 4 5 5 5 5 4 3 2 2 2 1 0 1 2 3 3 5 3 5 4 3 3 3 2 1 4 3 4 4 5 4 4 4 4 3 3 3 4 2 1 2 2 3 4 3 3 2 2 1 2 3 3 3 3 
158       6 8 6 5 7 6 7 7 7 7 7 6 4 5 6 6 6 8 8 7 7 6 5 5 6 6 6 6 5 7 8 7 6 6 6 7 6 6 5 5 5 6 8 7 6 5 6 7 6 7 5 4 5 5 4 6 7 6 7 7 6 6 6 6 5 5 4 5 4 5 4 5 7 6 7 6 5 6 5 6 5 4 4 5 5 3 4 4 3 5 5 7 6 6 6 6 6 6 6 5 4 3 4 3 4 5 4 3 5 5 4 5 4 3 2 2 3 2 4 6 7 6 5 4 5 3 3 2 2 5 4 4 2 2 3 4 6 5 4 3 1 1 2 5 6 5 6 6 6 6 5 4 3 3 3 2 1 0 1 3 3 5 4 6 5 4 4 4 3 2 4 2 4 4 5 5 5 5 5 4 4 4 5 3 2 2 3 3 5 4 4 3 3 2 3 4 4 2 3 
159       6 8 6 5 7 6 7 7 7 7 7 6 4 5 6 6 6 8 8 7 7 6 5 5 6 7 7 7 5 7 8 7 6 6 6 7 6 6 6 6 6 6 8 7 6 5 6 7 6 7 5 5 6 5 4 6 7 6 7 7 6 6 6 6 5 5 4 5 5 5 4 5 7 6 7 6 5 6 5 6 5 4 5 5 6 4 5 4 3 5 5 7 6 6 6 6 6 6 6 5 5 4 5 4 4 5 4 4 5 5 4 5 5 4 3 3 4 3 5 6 7 6 5 4 6 4 4 2 3 5 5 4 3 3 3 4 6 5 4 3 2 2 3 5 6 5 6 6 6 6 5 4 3 4 4 3 2 1 0 3 3 5 4 7 5 4 4 4 4 1 3 1 4 4 4 5 5 6 6 4 5 5 5 3 2 1 2 3 6 5 5 4 4 3 4 4 4 1 2 
160       5 7 5 4 6 5 5 6 6 6 6 5 3 4 5 5 5 7 7 6 6 5 4 4 5 6 6 6 4 5 7 6 5 5 5 6 5 5 5 5 5 4 7 6 5 4 5 6 5 6 4 4 5 4 3 4 6 5 6 6 5 5 5 5 4 4 3 4 5 4 3 3 6 5 6 6 5 5 4 5 4 3 5 4 5 4 4 3 2 4 3 6 5 6 6 6 6 5 6 4 4 4 5 4 3 3 2 3 5 5 4 5 5 4 4 3 3 3 3 6 7 6 5 4 6 3 4 1 2 4 5 3 3 3 2 3 6 5 3 2 3 2 1 5 6 5 6 6 6 6 5 4 3 3 4 3 3 3 3 0 1 4 4 7 5 4 4 4 4 3 2 2 1 2 3 5 5 6 6 4 5 6 5 3 2 3 2 2 6 5 5 5 5 4 5 4 4 3 2 
161       5 7 5 4 6 5 4 6 6 6 6 5 3 4 5 5 5 7 7 6 6 5 4 4 5 6 6 5 4 4 7 6 5 5 5 6 5 5 5 5 4 3 7 6 5 4 5 6 5 6 4 4 5 4 3 3 6 5 6 6 5 5 5 5 4 4 3 4 5 4 3 2 6 5 6 6 5 5 4 5 4 3 5 4 5 4 3 3 2 3 2 6 5 6 6 6 6 5 6 4 4 4 5 4 2 2 1 2 5 5 4 5 5 4 3 3 3 3 2 6 7 6 5 4 6 3 4 1 2 4 5 3 3 3 1 2 6 5 3 2 3 2 2 5 6 5 6 6 6 6 5 4 3 3 4 3 3 3 3 1 0 3 4 7 5 4 4 4 4 3 2 2 2 1 2 5 5 6 6 4 5 6 5 3 2 3 2 2 6 5 5 5 5 4 5 4 4 2 1 
162       7 9 7 6 8 7 6 8 8 8 8 7 5 6 7 7 7 9 9 8 8 7 6 6 7 8 8 7 6 6 9 8 7 7 7 8 7 7 7 7 6 5 9 8 7 6 7 8 7 8 6 6 7 6 5 5 8 7 8 8 7 7 7 7 6 6 5 6 6 6 5 4 8 7 8 8 7 7 6 7 6 5 6 6 7 5 5 5 4 5 4 8 7 8 8 8 8 7 8 6 6 5 6 5 4 4 3 3 7 7 6 7 6 5 4 4 4 4 2 8 9 8 7 6 7 5 5 3 3 6 6 5 5 5 2 1 8 7 5 4 5 4 3 7 8 7 8 8 8 8 7 6 5 5 6 5 5 5 5 4 3 0 6 9 7 6 6 6 6 5 2 4 3 2 1 7 7 8 8 6 7 8 7 5 4 5 4 4 8 7 7 7 7 6 7 6 6 4 3 
163       4 6 4 4 6 6 7 5 5 5 5 4 3 4 5 6 6 6 6 5 5 4 3 4 5 5 5 5 5 7 6 5 4 4 4 5 4 4 4 4 4 6 6 5 4 3 4 4 4 5 3 3 5 5 4 6 5 4 5 5 4 3 3 4 3 3 2 3 4 5 4 5 5 4 5 4 3 3 2 3 3 3 4 3 4 4 5 4 3 5 5 4 3 4 3 4 4 3 3 2 3 3 4 5 4 5 5 5 3 2 1 2 3 4 4 5 5 5 6 2 3 2 2 2 3 3 4 3 5 3 4 3 3 5 4 5 3 3 2 2 4 4 4 1 2 1 2 3 3 4 3 2 1 2 3 3 3 4 4 4 4 6 0 3 2 2 2 3 3 3 5 4 5 5 6 1 1 2 2 2 3 4 3 2 2 3 3 4 2 2 1 2 3 3 4 3 3 4 4 
164       6 9 7 7 9 9 10 7 7 8 8 7 6 7 8 9 9 8 8 8 8 7 6 7 8 8 8 8 8 10 7 7 7 7 7 8 7 7 7 7 7 9 7 6 6 6 7 7 7 8 6 6 8 8 7 9 6 5 6 6 6 6 6 7 6 6 5 6 7 8 7 8 7 6 6 5 4 5 5 6 6 6 7 6 7 7 8 7 6 8 8 7 6 5 4 5 5 6 6 5 6 6 7 8 7 8 8 7 4 5 4 5 6 6 6 7 8 7 8 4 4 3 2 3 6 6 7 6 7 4 5 6 6 7 7 8 2 4 5 5 7 6 7 3 3 2 1 1 2 3 3 4 4 5 6 5 5 6 7 7 7 9 3 0 2 4 5 5 5 6 8 7 8 8 9 3 4 1 1 3 4 5 5 4 5 6 6 7 2 3 2 3 4 4 5 5 5 7 7 
165       5 8 6 6 8 7 8 6 6 7 7 6 5 6 7 7 7 7 7 7 7 6 5 6 7 7 7 7 6 8 6 6 6 6 6 7 6 6 6 6 6 7 6 5 5 5 6 6 6 7 5 5 7 6 5 7 5 4 5 5 5 5 5 6 5 5 4 5 6 6 5 6 6 5 5 4 3 4 4 5 5 4 6 5 6 6 6 5 4 6 6 6 5 4 3 4 4 5 5 4 5 5 6 7 5 6 6 6 3 4 3 4 5 5 5 6 6 6 7 3 3 2 1 2 5 4 5 4 6 3 4 4 4 6 5 6 2 3 3 3 5 5 5 2 3 3 3 2 1 2 1 2 2 3 4 3 4 5 5 5 5 7 2 2 0 2 3 3 3 4 6 5 6 6 7 3 3 2 1 1 2 3 3 2 3 4 4 5 3 2 1 2 2 3 4 3 3 5 5 
166       5 7 5 5 7 6 7 6 6 6 6 5 4 5 6 6 6 7 7 6 6 5 4 5 6 6 6 6 5 7 6 6 5 5 5 6 5 5 5 5 5 6 6 5 5 4 5 5 5 6 4 4 6 5 4 6 5 4 5 5 5 4 4 5 4 4 3 4 5 5 4 5 6 5 5 4 3 4 3 4 4 3 5 4 5 5 5 4 3 5 5 5 4 4 4 4 4 4 4 3 4 4 5 6 4 5 5 5 3 3 2 3 4 4 4 5 5 5 6 4 5 4 3 2 4 3 4 3 5 3 4 3 3 5 4 5 4 3 2 2 4 4 4 3 4 3 4 4 3 2 1 2 1 2 3 3 3 4 4 4 4 6 2 4 2 0 2 3 3 3 5 4 5 5 6 3 3 4 3 2 1 2 1 2 2 3 3 4 4 3 3 4 2 3 3 2 3 4 4 
167       5 7 5 5 7 6 7 6 6 6 6 5 4 5 6 6 6 7 7 6 6 5 4 5 6 6 6 6 5 7 6 6 5 5 5 6 5 5 5 5 5 6 6 5 5 4 5 5 5 6 4 4 6 5 4 6 5 4 5 5 5 4 4 5 4 4 3 4 5 5 4 5 6 5 5 4 3 4 3 4 4 3 5 4 5 5 5 4 3 5 5 5 4 4 4 4 4 4 4 3 4 4 5 6 4 5 5 5 3 3 2 3 4 4 4 5 5 5 6 4 5 4 3 2 4 3 4 3 5 3 4 3 3 5 4 5 4 3 2 2 4 4 4 3 4 3 4 4 4 4 3 2 1 2 1 2 3 4 4 4 4 6 2 5 3 2 0 1 3 3 5 4 5 5 6 3 3 4 4 2 3 2 1 2 2 3 3 4 4 3 3 4 3 4 3 2 3 4 4 
168       6 8 6 6 8 7 8 7 7 7 7 6 5 6 7 7 7 8 8 7 7 6 5 6 7 7 7 7 6 8 7 7 6 6 6 7 6 6 6 6 6 7 7 6 6 5 6 6 6 7 5 5 7 6 5 7 6 5 6 6 6 5 5 6 5 5 4 5 6 6 5 6 7 6 6 5 4 5 4 5 5 4 6 5 6 6 6 5 4 6 6 6 5 5 5 5 5 5 5 4 5 5 6 6 5 6 5 5 4 4 3 4 5 5 4 5 6 5 6 5 6 5 4 3 5 4 5 3 5 4 5 4 4 5 4 5 5 4 3 3 5 4 4 4 5 4 5 5 4 5 4 3 2 2 1 2 3 4 4 4 4 6 3 5 3 3 1 0 2 3 5 4 5 5 6 4 4 5 4 2 3 3 2 1 2 3 3 4 4 3 4 4 3 4 3 2 2 4 4 
169       6 8 6 5 7 6 7 7 7 7 6 6 4 5 6 6 6 8 8 7 7 5 5 5 6 7 7 7 5 7 7 7 6 6 5 6 6 6 6 6 6 6 7 6 6 5 6 6 5 6 5 5 6 5 4 6 6 5 6 6 6 5 5 5 4 4 4 5 6 5 4 5 7 6 6 5 4 5 4 5 4 3 5 5 6 5 5 4 3 5 5 6 5 5 5 5 5 5 5 4 4 4 5 5 4 5 5 4 4 4 3 4 5 4 3 4 5 4 5 5 6 5 4 3 5 3 4 3 4 4 5 3 3 4 4 5 5 4 3 2 4 3 4 4 5 4 5 5 4 5 4 3 2 2 2 1 2 3 4 4 4 6 3 5 3 3 3 2 0 3 5 4 5 5 6 4 4 5 4 2 3 4 3 1 2 3 3 4 4 3 4 4 3 3 3 2 2 4 4 
170       6 8 6 5 7 6 7 7 7 7 7 6 4 5 6 6 6 8 8 7 7 6 5 5 6 7 7 7 5 7 7 7 6 6 6 7 6 6 6 6 6 6 7 6 6 5 6 6 6 7 5 5 6 5 4 6 6 5 6 6 6 5 5 6 5 5 4 5 5 5 4 5 7 6 6 5 4 5 4 5 5 4 4 5 5 4 5 4 3 5 5 6 5 5 5 5 5 5 5 4 4 3 4 4 4 5 4 3 4 4 3 4 4 3 2 3 4 3 4 5 6 5 4 3 5 3 3 2 3 4 4 4 2 3 3 4 5 4 3 3 3 2 3 4 5 4 5 5 5 5 4 3 2 3 3 2 1 2 1 3 3 5 3 6 4 3 3 3 3 0 4 2 4 4 5 4 4 5 5 3 4 4 4 2 1 2 2 3 5 4 4 3 3 2 3 3 3 2 3 
171       6 8 6 5 7 6 6 7 7 7 7 6 4 5 6 6 6 8 8 7 7 6 5 5 6 7 7 7 5 6 8 7 6 6 6 7 6 6 6 6 6 5 8 7 6 5 6 7 6 7 5 5 6 5 4 5 7 6 7 7 6 6 6 6 5 5 4 5 6 5 4 4 7 6 7 7 6 6 5 6 5 4 6 5 6 5 5 4 3 5 4 7 6 7 7 7 7 6 7 5 5 5 6 5 4 4 3 4 6 6 5 6 6 5 5 4 5 4 4 7 8 7 6 5 7 4 5 2 4 5 6 4 4 4 3 3 7 6 4 3 4 3 3 6 7 6 7 7 7 7 6 5 4 4 5 4 4 4 3 2 2 2 5 8 6 5 5 5 5 4 0 3 1 2 1 6 6 7 7 5 6 7 6 4 3 3 2 2 7 6 6 6 6 5 6 5 5 2 1 
172       5 7 5 4 6 5 6 6 6 6 6 5 3 4 5 5 5 7 7 6 6 5 4 4 5 6 6 6 4 6 7 6 5 5 5 6 5 5 5 5 5 5 7 6 5 4 5 6 5 6 4 4 5 4 3 5 6 5 6 6 5 5 5 5 4 4 3 4 5 4 3 4 6 5 6 6 5 5 4 5 4 3 5 4 5 4 4 3 2 4 4 6 5 6 6 6 6 5 6 4 4 4 5 4 3 4 3 3 5 5 4 5 5 4 4 3 4 3 4 6 7 6 5 4 6 3 4 1 3 4 5 3 3 3 2 3 6 5 3 2 3 2 2 5 6 5 6 6 6 6 5 4 3 3 4 3 3 2 1 2 2 4 4 7 5 4 4 4 4 2 3 0 3 3 4 5 5 6 6 4 5 6 5 3 2 2 1 2 6 5 5 5 5 4 5 4 4 2 2 
173       6 8 6 5 7 6 6 7 7 7 7 6 4 5 6 6 6 8 8 7 7 6 5 5 6 7 7 7 5 6 8 7 6 6 6 7 6 6 6 6 6 5 8 7 6 5 6 7 6 7 5 5 6 5 4 5 7 6 7 7 6 6 6 6 5 5 4 5 6 5 4 4 7 6 7 7 6 6 5 6 5 4 6 5 6 5 5 4 3 5 4 7 6 7 7 7 7 6 7 5 5 5 6 5 4 4 3 4 6 6 5 6 6 5 5 4 4 4 4 7 8 7 6 5 7 4 5 2 3 5 6 4 4 4 3 4 7 6 4 3 4 3 2 6 7 6 7 7 7 7 6 5 4 4 5 4 4 4 4 1 2 3 5 8 6 5 5 5 5 4 1 3 0 1 2 6 6 7 7 5 6 7 6 4 3 4 2 1 7 6 6 6 6 5 6 5 5 3 2 
174       6 8 6 5 7 6 5 7 7 7 7 6 4 5 6 6 6 8 8 7 7 6 5 5 6 7 7 6 5 5 8 7 6 6 6 7 6 6 6 6 5 4 8 7 6 5 6 7 6 7 5 5 6 5 4 4 7 6 7 7 6 6 6 6 5 5 4 5 6 5 4 3 7 6 7 7 6 6 5 6 5 4 6 5 6 5 4 4 3 4 3 7 6 7 7 7 7 6 7 5 5 5 6 5 3 3 2 3 6 6 5 6 6 5 4 4 4 4 3 7 8 7 6 5 7 4 5 2 3 5 6 4 4 4 2 3 7 6 4 3 4 3 3 6 7 6 7 7 7 7 6 5 4 4 5 4 4 4 4 2 1 2 5 8 6 5 5 5 5 4 2 3 1 0 1 6 6 7 7 5 6 7 6 4 3 4 3 2 7 6 6 6 6 5 6 5 5 3 2 
175       7 9 7 6 8 7 6 8 8 8 8 7 5 6 7 7 7 9 9 8 8 7 6 6 7 8 8 7 6 6 9 8 7 7 7 8 7 7 7 7 6 5 9 8 7 6 7 8 7 8 6 6 7 6 5 5 8 7 8 8 7 7 7 7 6 6 5 6 7 6 5 4 8 7 8 8 7 7 6 7 6 5 7 6 7 6 5 5 4 5 4 8 7 8 8 8 8 7 8 6 6 6 7 6 4 4 3 4 7 7 6 7 7 6 5 5 5 5 3 8 9 8 7 6 8 5 6 3 4 6 7 5 5 5 3 2 8 7 5 4 5 4 4 7 8 7 8 8 8 8 7 6 5 5 6 5 5 5 4 3 2 1 6 9 7 6 6 6 6 5 1 4 2 1 0 7 7 8 8 6 7 8 7 5 4 4 3 3 8 7 7 7 7 6 7 6 6 3 2 
176       5 7 5 5 7 7 8 6 6 6 6 5 4 5 6 7 7 7 7 6 6 5 4 5 6 6 6 6 6 8 7 6 5 5 5 6 5 5 5 5 5 7 7 6 5 4 5 5 5 6 4 4 6 6 5 7 6 5 6 6 5 4 4 5 4 4 3 4 5 6 5 6 6 5 6 5 4 4 3 4 4 4 5 4 5 5 6 5 4 6 6 5 4 5 4 5 5 4 4 3 4 4 5 6 5 6 6 6 4 3 2 3 4 5 5 6 6 6 7 3 4 3 3 3 4 4 5 4 6 4 5 4 4 6 5 6 4 4 3 3 5 5 5 2 3 2 3 4 4 5 4 3 2 3 4 4 4 5 5 5 5 7 1 3 3 3 3 4 4 4 6 5 6 6 7 0 1 2 3 2 3 4 4 3 3 4 4 5 1 1 2 2 3 3 4 4 4 5 5 
177       5 7 5 5 7 7 8 6 6 6 6 5 4 5 6 7 7 7 7 6 6 5 4 5 6 6 6 6 6 8 7 6 5 5 5 6 5 5 5 5 5 7 7 6 5 4 5 5 5 6 4 4 6 6 5 7 6 5 6 6 5 4 4 5 4 4 3 4 5 6 5 6 6 5 5 5 4 4 3 4 4 4 5 4 5 5 6 5 4 6 6 5 4 4 3 5 5 4 4 3 4 4 5 6 5 6 6 6 4 3 2 3 4 5 5 6 6 6 7 2 3 2 2 3 4 4 5 4 6 4 5 4 4 6 5 6 3 4 3 3 5 5 5 1 2 2 3 3 3 4 4 3 2 3 4 4 4 5 5 5 5 7 1 4 3 3 3 4 4 4 6 5 6 6 7 1 0 3 3 3 4 5 4 3 3 4 4 5 2 2 2 3 4 4 5 4 4 5 5 
178       6 8 6 6 8 8 9 7 7 7 7 6 5 6 7 8 8 8 8 7 7 6 5 6 7 7 7 7 7 9 8 7 6 6 6 7 6 6 6 6 6 8 8 7 6 5 6 6 6 7 5 5 7 7 6 8 7 6 7 7 6 5 5 6 5 5 4 5 6 7 6 7 7 6 7 6 5 5 4 5 5 5 6 5 6 6 7 6 5 7 7 6 5 6 5 6 6 5 5 4 5 5 6 7 6 7 7 6 5 4 3 4 5 6 5 6 7 6 7 4 5 4 3 4 5 5 6 5 6 5 6 5 5 6 6 7 3 5 4 4 6 5 6 3 4 3 2 2 3 4 3 4 3 4 5 5 4 5 6 6 6 8 2 1 2 4 4 5 5 5 7 6 7 7 8 2 3 0 2 3 4 5 5 4 4 5 5 6 1 2 1 2 4 3 4 5 5 6 6 
179       6 8 6 6 8 8 9 7 7 7 7 6 5 6 7 8 8 8 8 7 7 6 5 6 7 7 7 7 7 9 7 7 6 6 6 7 6 6 6 6 6 8 7 6 6 5 6 6 6 7 5 5 7 7 6 8 6 5 6 6 6 5 5 6 5 5 4 5 6 7 6 7 7 6 6 5 4 5 4 5 5 5 6 5 6 6 7 6 5 7 7 6 5 5 4 5 5 5 5 4 5 5 6 7 6 7 7 6 4 4 3 4 5 6 5 6 7 6 7 4 4 3 2 3 5 5 6 5 6 4 5 5 5 6 6 7 3 4 4 4 6 5 6 3 4 3 2 2 2 3 2 3 3 4 5 4 4 5 6 6 6 8 2 1 1 3 4 4 4 5 7 6 7 7 8 3 3 2 0 2 3 4 4 3 4 5 5 6 3 2 1 2 3 3 4 4 4 6 6 
180       5 7 5 5 7 6 7 6 6 6 6 5 4 5 6 6 6 7 7 6 6 5 4 5 6 6 6 6 5 7 6 6 5 5 5 6 5 5 5 5 5 6 6 5 5 4 5 5 5 6 4 4 6 5 4 6 5 4 5 5 5 4 4 5 4 4 3 4 5 5 4 5 6 5 5 4 3 4 3 4 4 3 5 4 5 5 5 4 3 5 5 5 4 4 4 4 4 4 4 3 4 4 5 6 4 5 5 5 3 3 2 3 4 4 4 5 5 5 6 4 4 3 2 2 4 3 4 3 5 3 4 3 3 5 4 5 3 3 2 2 4 4 4 3 4 3 4 3 2 3 2 2 1 2 3 2 3 4 4 4 4 6 2 3 1 2 2 2 2 3 5 4 5 5 6 2 3 3 2 0 1 2 3 1 2 3 3 4 2 1 2 2 1 2 3 2 2 4 4 
181       6 8 6 6 8 7 8 7 7 7 7 6 5 6 7 7 7 8 8 7 7 6 5 6 7 7 7 7 6 8 7 7 6 6 6 7 6 6 6 6 6 7 7 6 6 5 6 6 6 7 5 5 7 6 5 7 6 5 6 6 6 5 5 6 5 5 4 5 6 6 5 6 7 6 6 5 4 5 4 5 5 4 6 5 6 6 6 5 4 6 6 6 5 5 5 5 5 5 5 4 5 5 6 6 5 6 6 5 4 4 3 4 5 5 4 5 6 5 6 5 5 4 3 3 5 4 5 4 5 4 5 4 4 5 5 6 4 4 3 3 5 4 5 4 5 4 5 4 3 3 2 3 2 3 4 3 3 4 5 5 5 7 3 4 2 1 3 3 3 4 6 5 6 6 7 3 4 4 3 1 0 1 2 2 3 4 4 5 3 2 3 3 1 2 2 3 3 5 5 
182       7 9 7 7 9 8 9 8 8 8 8 7 6 7 8 8 8 9 9 8 8 7 6 7 8 8 8 8 7 9 8 8 7 7 7 8 7 7 7 7 7 8 8 7 7 6 7 7 7 8 6 6 8 7 6 8 7 6 7 7 7 6 6 7 6 6 5 6 7 7 6 7 8 7 7 6 5 6 5 6 6 5 6 6 7 6 7 6 5 7 7 7 6 6 6 6 6 6 6 5 6 5 6 6 6 7 7 5 5 5 4 5 6 5 4 5 6 5 6 6 6 5 4 4 6 5 5 5 5 5 6 5 4 5 6 7 5 5 4 4 5 4 5 5 6 5 6 5 4 4 3 4 3 4 3 4 3 4 5 6 6 8 4 5 3 2 2 3 4 4 7 6 7 7 8 4 5 5 4 2 1 0 1 3 4 5 5 6 4 3 4 3 2 2 1 2 2 6 6 
183       6 8 6 6 8 7 8 7 7 7 7 6 5 6 7 7 7 8 8 7 7 6 5 6 7 7 7 7 6 8 7 7 6 6 6 7 6 6 6 6 6 7 7 6 6 5 6 6 6 7 5 5 7 6 5 7 6 5 6 6 6 5 5 6 5 5 4 5 6 6 5 6 7 6 6 5 4 5 4 5 5 4 6 5 6 6 6 5 4 6 6 6 5 5 5 5 5 5 5 4 5 5 6 7 5 6 6 6 4 4 3 4 5 5 5 6 6 6 7 5 6 5 4 3 5 4 5 4 6 4 5 4 4 6 5 6 5 4 3 3 5 5 5 4 5 4 5 5 4 3 2 3 2 3 2 3 4 5 5 5 5 7 3 5 3 1 1 2 3 4 6 5 6 6 7 4 4 5 4 3 2 1 0 2 3 4 4 5 5 4 4 4 3 3 2 1 2 5 5 
184       5 7 5 5 7 6 7 6 6 6 6 5 4 5 6 6 6 7 7 6 6 5 4 5 6 6 6 6 5 7 6 6 5 5 5 6 5 5 5 5 5 6 6 5 5 4 5 5 5 6 4 4 6 5 4 6 5 4 5 5 5 4 4 5 4 4 3 4 5 5 4 5 6 5 5 4 3 4 3 4 4 3 5 4 5 5 5 4 3 5 5 5 4 4 4 4 4 4 4 3 4 4 5 5 4 5 4 4 3 3 2 3 4 4 3 4 5 4 5 4 5 4 3 2 4 3 4 2 4 3 4 3 3 4 3 4 4 3 2 2 4 3 3 3 4 3 4 4 3 4 3 2 1 2 2 1 2 3 3 3 3 5 2 4 2 2 2 1 1 2 4 3 4 4 5 3 3 4 3 1 2 3 2 0 1 2 2 3 3 2 3 3 2 3 2 1 1 3 3 
185       5 7 5 4 6 5 6 6 6 6 6 5 3 4 5 5 5 7 7 6 6 5 4 4 5 6 6 6 4 6 6 6 5 5 5 6 5 5 5 5 5 5 6 5 5 4 5 5 5 6 4 4 5 4 3 5 5 4 5 5 5 4 4 5 4 4 3 4 5 4 3 4 6 5 5 4 3 4 3 4 4 3 4 4 5 4 4 3 2 4 4 5 4 4 4 4 4 4 4 3 4 3 4 4 3 4 3 3 3 3 2 3 4 3 2 3 4 3 4 4 5 4 3 2 4 3 3 1 3 3 4 3 2 3 2 3 4 3 2 2 3 2 2 3 4 3 4 4 4 4 3 2 1 2 3 2 1 2 2 2 2 4 2 5 3 2 2 2 2 1 3 2 3 3 4 3 3 4 4 2 3 4 3 1 0 1 1 2 4 3 3 3 3 2 3 2 2 2 2 
186       6 8 6 5 7 6 7 7 7 7 7 6 4 5 6 6 6 8 8 7 7 6 5 5 6 7 7 7 5 7 7 7 6 6 6 7 6 6 6 6 6 6 7 6 6 5 6 6 6 7 5 5 6 5 4 6 6 5 6 6 6 5 5 6 5 5 4 5 6 5 4 5 7 6 6 5 4 5 4 5 5 4 5 5 6 5 5 4 3 5 5 6 5 5 5 5 5 5 5 4 5 4 5 5 4 5 4 4 4 4 3 4 5 4 3 4 5 4 5 5 6 5 4 3 5 4 4 2 4 4 5 4 3 4 3 4 5 4 3 3 3 3 3 4 5 4 5 5 5 5 4 3 2 3 4 3 2 2 1 3 3 5 3 6 4 3 3 3 3 2 3 2 4 4 4 4 4 5 5 3 4 5 4 2 1 0 2 3 5 4 4 4 4 3 4 3 3 1 2 
187       5 7 5 4 6 5 6 6 6 6 6 5 3 4 5 5 5 7 7 6 6 5 4 4 5 6 6 6 4 6 7 6 5 5 5 6 5 5 5 5 5 5 7 6 5 4 5 6 5 6 4 4 5 4 3 5 6 5 6 6 5 5 5 5 4 4 3 4 5 4 3 4 6 5 6 5 4 5 4 5 4 3 5 4 5 4 4 3 2 4 4 6 5 5 5 5 5 5 5 4 4 4 5 4 3 4 3 3 4 4 3 4 5 4 3 3 4 3 4 5 6 5 4 3 5 3 4 1 3 4 5 3 3 3 2 3 5 4 3 2 3 2 2 4 5 4 5 5 5 5 4 3 2 3 4 3 2 3 2 2 2 4 3 6 4 3 3 3 3 2 2 1 2 3 3 4 4 5 5 3 4 5 4 2 1 2 0 1 5 4 4 4 4 3 4 3 3 1 1 
188       5 7 5 4 6 5 6 6 6 6 6 5 3 4 5 5 5 7 7 6 6 5 4 4 5 6 6 6 4 6 7 6 5 5 5 6 5 5 5 5 5 5 7 6 5 4 5 6 5 6 4 4 5 4 3 5 6 5 6 6 5 5 5 5 4 4 3 4 5 4 3 4 6 5 6 6 5 5 4 5 4 3 5 4 5 4 4 3 2 4 4 6 5 6 6 6 6 5 6 4 4 4 5 4 3 4 3 3 5 5 4 5 5 4 4 3 4 3 4 6 7 6 5 4 6 3 4 1 3 4 5 3 3 3 2 3 6 5 3 2 3 2 2 5 6 5 6 6 6 6 5 4 3 3 4 3 3 3 3 2 2 4 4 7 5 4 4 4 4 3 2 2 1 2 3 5 5 6 6 4 5 6 5 3 2 3 1 0 6 5 5 5 5 4 5 4 4 2 1 
189       6 8 6 6 8 8 9 7 7 7 7 6 5 6 7 8 8 8 8 7 7 6 5 6 7 7 7 7 7 9 8 7 6 6 6 7 6 6 6 6 6 8 8 7 6 5 6 6 6 7 5 5 7 7 6 8 7 6 7 7 6 5 5 6 5 5 4 5 6 7 6 7 7 6 7 6 5 5 4 5 5 5 6 5 6 6 7 6 5 7 7 6 5 6 5 6 6 5 5 4 5 5 6 7 6 7 7 6 5 4 3 4 5 6 5 6 7 6 7 4 5 4 4 4 5 5 6 5 6 5 6 5 5 6 6 7 4 5 4 4 6 5 6 3 4 3 3 3 4 5 4 4 3 4 5 4 4 5 6 6 6 8 2 2 3 4 4 4 4 5 7 6 7 7 8 1 2 1 3 2 3 4 5 3 4 5 5 6 0 1 2 2 3 3 4 4 4 6 6 
190       6 8 6 6 8 7 8 7 7 7 7 6 5 6 7 7 7 8 8 7 7 6 5 6 7 7 7 7 6 8 7 7 6 6 6 7 6 6 6 6 6 7 7 6 6 5 6 6 6 7 5 5 7 6 5 7 6 5 6 6 6 5 5 6 5 5 4 5 6 6 5 6 7 6 6 5 4 5 4 5 5 4 6 5 6 6 6 5 4 6 6 6 5 5 5 5 5 5 5 4 5 5 6 6 5 6 6 5 4 4 3 4 5 5 4 5 6 5 6 4 5 4 3 3 5 4 5 4 5 4 5 4 4 5 5 6 4 4 3 3 5 4 5 3 4 3 4 4 3 4 3 3 2 3 4 3 3 4 5 5 5 7 2 3 2 3 3 3 3 4 6 5 6 6 7 1 2 2 2 1 2 3 4 2 3 4 4 5 1 0 1 1 2 2 3 3 3 5 5 
191       5 7 5 5 7 7 8 6 6 6 6 5 4 5 6 7 7 7 7 6 6 5 4 5 6 6 6 6 6 8 7 6 5 5 5 6 5 5 5 5 5 7 7 6 5 4 5 5 5 6 4 4 6 6 5 7 6 5 6 6 5 4 4 5 4 4 3 4 5 6 5 6 6 5 6 5 4 4 3 4 4 4 5 4 5 5 6 5 4 6 6 5 4 5 4 5 5 4 4 3 4 4 5 6 5 6 6 5 4 3 2 3 4 5 4 5 6 5 6 3 4 3 2 3 4 4 5 4 5 4 5 4 4 5 5 6 3 4 3 3 5 4 5 2 3 2 3 3 2 3 2 3 2 3 4 4 3 4 5 5 5 7 1 2 1 3 3 4 4 4 6 5 6 6 7 2 2 1 1 2 3 4 4 3 3 4 4 5 2 1 0 1 3 2 3 4 4 5 5 
192       6 8 6 6 8 8 8 7 7 7 7 6 5 6 7 8 8 8 8 7 7 6 5 6 7 7 7 7 7 8 8 7 6 6 6 7 6 6 6 6 6 7 8 7 6 5 6 6 6 7 5 5 7 7 6 7 7 6 7 7 6 5 5 6 5 5 4 5 6 7 6 6 7 6 7 6 5 5 4 5 5 5 5 5 6 5 6 6 5 6 6 6 5 6 5 6 6 5 5 4 5 4 5 5 5 6 6 4 5 4 3 4 5 4 3 4 5 4 5 4 5 4 3 4 5 4 4 4 4 5 5 5 3 4 5 6 4 5 4 4 4 3 4 3 4 3 4 4 3 4 3 4 3 4 4 3 2 3 4 5 5 7 2 3 2 4 4 4 4 3 6 5 6 6 7 2 3 2 2 2 3 3 4 3 3 4 4 5 2 1 1 0 2 1 2 4 3 5 5 
193       6 8 6 6 8 7 8 7 7 7 7 6 5 6 7 7 7 8 8 7 7 6 5 6 7 7 7 7 6 8 7 7 6 6 6 7 6 6 6 6 6 7 7 6 6 5 6 6 6 7 5 5 7 6 5 7 6 5 6 6 6 5 5 6 5 5 4 5 6 6 5 6 7 6 6 5 4 5 4 5 5 4 5 5 6 5 6 5 4 6 6 6 5 5 5 5 5 5 5 4 5 4 5 5 5 6 6 4 4 4 3 4 5 4 3 4 5 4 5 5 5 4 3 3 5 4 4 4 4 4 5 4 3 4 5 6 4 4 3 3 4 3 4 4 5 4 5 4 3 4 3 3 2 3 4 3 2 3 4 5 5 7 3 4 2 2 3 3 3 3 6 5 6 6 7 3 4 4 3 1 1 2 3 2 3 4 4 5 3 2 3 2 0 1 2 3 3 5 5 
194       7 9 6 6 8 7 7 8 8 8 7 6 5 6 7 7 7 9 9 8 8 6 5 6 7 7 7 7 6 7 8 8 7 7 6 7 6 6 6 6 6 6 8 7 7 6 7 7 6 7 5 5 6 6 5 6 7 6 7 7 7 6 6 6 5 5 4 5 5 6 5 5 8 7 7 6 5 6 5 6 5 4 4 5 5 4 5 5 4 5 5 7 6 6 6 6 6 6 6 5 4 3 4 4 4 5 5 3 5 5 4 5 4 3 2 3 4 3 4 5 6 5 4 4 5 3 3 3 3 5 4 4 2 3 4 5 5 5 4 3 3 2 3 4 5 4 5 5 4 5 4 4 3 3 3 2 1 2 3 4 4 6 3 4 3 3 4 4 3 2 5 4 5 5 6 3 4 3 3 2 2 2 3 3 2 3 3 4 3 2 2 1 1 0 1 3 2 4 4 
195       7 9 7 7 9 8 8 8 8 8 8 7 6 7 8 8 8 9 9 8 8 7 6 7 8 8 8 8 7 8 8 8 7 7 7 8 7 7 7 7 7 7 8 7 7 6 7 7 7 8 6 6 7 7 6 7 7 6 7 7 7 6 6 7 6 6 5 6 6 7 6 6 8 7 7 6 5 6 5 6 6 5 5 6 6 5 6 6 5 6 6 7 6 6 6 6 6 6 6 5 5 4 5 5 5 6 6 4 5 5 4 5 5 4 3 4 5 4 5 6 7 6 5 4 6 4 4 4 4 5 5 5 3 4 5 6 6 5 4 4 4 3 4 5 6 5 6 6 5 5 4 4 3 4 4 3 2 3 4 5 5 7 4 5 4 3 3 3 3 3 6 5 6 6 7 4 5 4 4 3 2 1 2 2 3 4 4 5 4 3 3 2 2 1 0 2 1 5 5 
196       6 8 6 6 8 7 8 7 7 7 7 6 5 6 7 7 7 8 8 7 7 6 5 6 7 7 7 7 6 8 7 7 6 6 6 7 6 6 6 6 6 7 7 6 6 5 6 6 6 7 5 5 7 6 5 7 6 5 6 6 6 5 5 6 5 5 4 5 6 6 5 6 7 6 6 5 4 5 4 5 5 4 6 5 6 6 6 5 4 6 6 6 5 5 5 5 5 5 5 4 5 5 6 6 5 6 5 5 4 4 3 4 5 5 4 5 6 5 6 5 6 5 4 3 5 4 5 3 5 4 5 4 4 5 4 5 5 4 3 3 5 4 4 4 5 4 5 5 4 4 3 3 2 3 3 2 3 4 4 4 4 6 3 5 3 2 2 2 2 3 5 4 5 5 6 4 4 5 4 2 3 2 1 1 2 3 3 4 4 3 4 4 3 3 2 0 1 4 4 
197       6 8 6 6 8 7 8 7 7 7 7 6 5 6 7 7 7 8 8 7 7 6 5 6 7 7 7 7 6 8 7 7 6 6 6 7 6 6 6 6 6 7 7 6 6 5 6 6 6 7 5 5 7 6 5 7 6 5 6 6 6 5 5 6 5 5 4 5 6 6 5 6 7 6 6 5 4 5 4 5 5 4 6 5 6 6 6 5 4 6 6 6 5 5 5 5 5 5 5 4 5 5 6 6 5 6 5 5 4 4 3 4 5 5 4 5 6 5 6 5 6 5 4 3 5 4 5 3 5 4 5 4 4 5 4 5 5 4 3 3 5 4 4 4 5 4 5 5 4 5 4 3 2 3 3 2 3 4 4 4 4 6 3 5 3 3 3 2 2 3 5 4 5 5 6 4 4 5 4 2 3 2 2 1 2 3 3 4 4 3 4 3 3 2 1 1 0 4 4 
198       6 8 6 5 7 6 6 7 7 7 7 6 4 5 6 6 6 8 8 7 7 6 5 5 6 7 7 7 5 6 8 7 6 6 6 7 6 6 6 6 6 5 8 7 6 5 6 7 6 7 5 5 6 5 4 5 7 6 7 7 6 6 6 6 5 5 4 5 6 5 4 4 7 6 7 6 5 6 5 6 5 4 6 5 6 5 5 4 3 5 4 7 6 6 6 6 6 6 6 5 5 5 6 5 4 4 3 4 5 5 4 5 6 5 4 4 5 4 4 6 7 6 5 4 6 4 5 2 4 5 6 4 4 4 3 4 6 5 4 3 3 3 3 5 6 5 6 6 6 6 5 4 3 4 5 4 3 2 1 3 2 4 4 7 5 4 4 4 4 2 2 2 3 3 3 5 5 6 6 4 5 6 5 3 2 1 1 2 6 5 5 5 5 4 5 4 4 0 1 
199       5 7 5 4 6 5 5 6 6 6 6 5 3 4 5 5 5 7 7 6 6 5 4 4 5 6 6 6 4 5 7 6 5 5 5 6 5 5 5 5 5 4 7 6 5 4 5 6 5 6 4 4 5 4 3 4 6 5 6 6 5 5 5 5 4 4 3 4 5 4 3 3 6 5 6 6 5 5 4 5 4 3 5 4 5 4 4 3 2 4 3 6 5 6 6 6 6 5 6 4 4 4 5 4 3 3 2 3 5 5 4 5 5 4 4 3 4 3 3 6 7 6 5 4 6 3 4 1 3 4 5 3 3 3 2 3 6 5 3 2 3 2 2 5 6 5 6 6 6 6 5 4 3 3 4 3 3 3 2 2 1 3 4 7 5 4 4 4 4 3 1 2 2 2 2 5 5 6 6 4 5 6 5 3 2 2 1 1 6 5 5 5 5 4 5 4 4 1 0 
